0 1
1 3
2 3
3 6
4 4
5 9
6 5
7 12
8 7
9 12
10 11
11 14
12 12
13 19
14 13
15 22
16 15
17 19
18 20
19 24
20 21
21 23
22 23
23 28
24 26
25 27
26 26
27 33
28 30
29 34
30 31
31 39
32 26
33 39
34 29
35 46
36 32
37 44
38 38
39 45
40 47
41 41
42 45
43 49
44 38
45 55
46 42
47 51
48 44
49 53
50 43
51 59
52 52
53 60
54 49
55 65
56 57
57 60
58 56
59 69
60 61
61 70
62 59
63 78
64 64
65 56
66 65
67 69
68 69
69 67
70 77
71 78
72 73
73 68
74 83
75 78
76 78
77 87
78 80
79 86
80 88
81 79
82 81
83 94
84 81
85 101
86 78
87 88
88 91
89 86
90 86
91 113
92 79
93 101
94 90
95 108
96 94
97 97
98 99
99 110
100 103
101 104
102 103
103 119
104 95
105 91
106 102
107 110
108 111
109 114
110 111
111 121
112 115
113 109
114 120
115 133
116 113
117 121
118 123
119 126
120 122
121 118
122 123
123 137
124 122
125 125
126 129
127 132
128 132
129 125
130 121
131 144
132 124
133 137
134 131
135 148
136 137
137 131
138 135
139 144
140 135
141 150
142 144
143 160
144 136
145 154
146 140
147 168
148 141
149 155
150 149
151 157
152 155
153 163
154 141
155 175
156 142
157 168
158 149
159 163
160 160
161 164
162 158
163 183
164 155
165 175
166 165
167 177
168 173
169 168
170 162
171 195
172 168
173 183
174 170
175 196
176 175
177 172
178 173
179 206
180 165
181 198
182 170
183 185
184 181
185 186
186 187
187 212
188 170
189 196
190 187
191 199
192 201
193 164
194 184
195 214
196 188
197 204
198 196
199 210
200 204
201 195
202 190
203 218
204 214
205 195
206 208
207 213
208 211
209 202
210 216
211 218
212 223
213 207
214 219
215 214
216 224
217 213
218 203
219 237
220 227
221 220
222 222
223 227
224 228
225 231
226 207
227 250
228 225
229 251
230 222
231 231
232 251
233 218
234 227
235 247
236 248
237 227
238 238
239 238
240 247
241 239
242 229
243 258
244 240
245 241
246 255
247 249
248 250
249 248
250 239
251 265
252 241
253 249
254 252
255 269
256 253
257 250
258 239
259 276
260 243
261 271
262 254
263 272
264 262
265 263
266 254
267 300
268 266
269 272
270 266
271 280
272 288
273 265
274 278
275 307
276 248
277 288
278 267
279 304
280 279
281 280
282 277
283 294
284 287
285 290
286 286
287 297
288 293
289 281
290 273
291 307
292 298
293 286
294 302
295 287
296 311
297 277
298 280
299 319
300 290
301 312
302 316
303 294
304 321
305 311
306 290
307 326
308 299
309 317
310 311
311 312
312 317
313 324
314 293
315 350
316 306
317 329
318 315
319 316
320 338
321 313
322 288
323 347
324 306
325 346
326 316
327 330
328 335
329 315
330 318
331 356
332 326
333 342
334 310
335 344
336 362
337 325
338 335
339 358
340 346
341 325
342 357
343 337
344 371
345 336
346 330
347 369
348 368
349 335
350 355
351 351
352 368
353 360
354 333
355 397
356 349
357 357
358 371
359 349
360 376
361 354
362 347
363 393
364 361
365 361
366 358
367 386
368 367
369 371
370 352
371 399
372 362
373 378
374 383
375 383
376 377
377 381
378 350
379 392
380 378
381 392
382 377
383 394
384 383
385 382
386 369
387 393
388 361
389 393
390 406
391 392
392 406
393 395
394 365
395 419
396 398
397 386
398 423
399 391
400 411
401 415
402 389
403 429
404 396
405 411
406 410
407 402
408 404
409 411
410 391
411 439
412 411
413 413
414 432
415 414
416 424
417 411
418 391
419 450
420 426
421 406
422 452
423 422
424 431
425 410
426 400
427 455
428 422
429 431
430 443
431 442
432 429
433 425
434 416
435 471
436 432
437 439
438 449
439 436
440 444
441 438
442 435
443 477
444 425
445 432
446 468
447 465
448 433
449 455
450 428
451 493
452 419
453 464
454 463
455 474
456 448
457 461
458 449
459 476
460 446
461 454
462 468
463 478
464 456
465 467
466 458
467 508
468 453
469 465
470 466
471 493
472 466
473 479
474 461
475 515
476 470
477 459
478 493
479 485
480 488
481 488
482 463
483 518
484 498
485 469
486 490
487 494
488 512
489 478
490 470
491 520
492 497
493 484
494 516
495 506
496 485
497 491
498 498
499 506
500 513
501 486
502 521
503 516
504 495
505 509
506 484
507 533
508 519
509 516
510 519
511 526
512 498
513 501
514 484
515 544
516 499
517 523
518 508
519 533
520 513
521 528
522 513
523 532
524 542
525 494
526 577
527 503
528 549
529 506
530 525
531 547
532 517
533 512
534 575
535 540
536 535
537 527
538 530
539 560
540 562
541 501
542 572
543 549
544 517
545 539
546 516
547 551
548 537
549 544
550 576
551 562
552 550
553 537
554 548
555 587
556 550
557 560
558 570
559 565
560 552
561 562
562 540
563 592
564 575
565 547
566 583
567 585
568 564
569 563
570 553
571 573
572 606
573 551
574 589
575 579
576 579
577 553
578 565
579 584
580 592
581 575
582 593
583 599
584 576
585 579
586 571
587 612
588 588
589 601
590 590
591 599
592 585
593 596
594 583
595 602
596 593
597 580
598 639
599 604
600 602
601 604
602 585
603 638
604 615
605 595
606 642
607 588
608 623
609 599
610 583
611 614
612 624
613 603
614 667
615 595
616 625
617 607
618 633
619 626
620 628
621 597
622 653
623 620
624 635
625 611
626 600
627 656
628 616
629 645
630 642
631 645
632 622
633 627
634 614
635 668
636 645
637 643
638 629
639 667
640 607
641 650
642 618
643 641
644 658
645 618
646 675
647 664
648 645
649 668
650 625
651 669
652 655
653 626
654 687
655 663
656 646
657 659
658 654
659 672
660 680
661 646
662 671
663 678
664 666
665 679
666 628
667 703
668 650
669 669
670 691
671 691
672 671
673 646
674 680
675 689
676 669
677 681
678 697
679 673
680 703
681 673
682 706
683 674
684 692
685 663
686 720
687 677
688 699
689 666
690 698
691 701
692 667
693 699
694 701
695 727
696 691
697 706
698 665
699 753
700 678
701 705
702 704
703 712
704 696
705 705
706 691
707 748
708 709
709 696
710 724
711 742
712 713
713 723
714 713
715 727
716 735
717 689
718 726
719 747
720 710
721 710
722 716
723 748
724 717
725 738
726 732
727 730
728 736
729 735
730 709
731 750
732 736
733 705
734 741
735 750
736 727
737 728
738 717
739 750
740 752
741 726
742 764
743 739
744 748
745 751
746 743
747 774
748 750
749 733
750 768
751 781
752 731
753 748
754 730
755 808
756 720
757 757
758 773
759 754
760 737
761 746
762 771
763 762
764 773
765 735
766 814
767 763
768 757
769 769
770 736
771 821
772 734
773 791
774 768
775 772
776 771
777 772
778 757
779 800
780 802
781 767
782 800
783 800
784 769
785 758
786 780
787 822
788 768
789 815
790 780
791 802
792 786
793 789
794 782
795 800
796 813
797 771
798 829
799 821
800 768
801 825
802 769
803 838
804 782
805 806
806 832
807 809
808 834
809 787
810 819
811 820
812 825
813 789
814 852
815 820
816 821
817 793
818 790
819 877
820 807
821 829
822 854
823 798
824 823
825 841
826 806
827 849
828 824
829 817
830 846
831 836
832 812
833 843
834 799
835 884
836 831
837 825
838 880
839 826
840 815
841 841
842 830
843 836
844 857
845 828
846 857
847 862
848 849
849 832
850 859
851 880
852 837
853 844
854 892
855 835
856 879
857 830
858 864
859 870
860 867
861 855
862 897
863 853
864 875
865 855
866 854
867 901
868 856
869 868
870 897
871 876
872 877
873 877
874 857
875 896
876 865
877 865
878 897
879 871
880 878
881 894
882 860
883 904
884 891
885 884
886 912
887 886
888 880
889 887
890 878
891 888
892 921
893 858
894 928
895 892
896 912
897 858
898 886
899 914
900 884
901 887
902 938
903 908
904 914
905 897
906 904
907 895
908 912
909 883
910 931
911 918
912 907
913 920
914 893
915 938
916 929
917 911
918 956
919 920
920 898
921 927
922 911
923 909
924 938
925 935
926 924
927 953
928 916
929 932
930 878
931 988
932 919
933 935
934 965
935 923
936 949
937 916
938 942
939 954
940 948
941 931
942 955
943 937
944 956
945 930
946 954
947 957
948 955
949 967
950 958
951 962
952 927
953 949
954 960
955 944
956 995
957 920
958 975
959 964
960 967
961 929
962 952
963 982
964 947
965 956
966 952
967 1007
968 935
969 979
970 985
971 959
972 988
973 959
974 1000
975 987
976 970
977 986
978 986
979 1010
980 980
981 945
982 1005
983 984
984 1015
985 956
986 975
987 1000
988 1021
989 956
990 1022
991 962
992 1035
993 981
994 983
995 1031
996 984
997 978
998 1023
999 1021
1000 1001
1001 997
1002 992
1003 1015
1004 1031
1005 962
1006 1050
1007 1003
1008 1003
1009 1002
1010 990
1011 1045
1012 1010
1013 996
1014 1025
1015 1032
1016 1006
1017 1015
1018 1003
1019 1007
1020 1020
1021 1027
1022 1034
1023 1036
1024 1033
1025 993
1026 1027
1027 1029
1028 1050
1029 1013
1030 1023
1031 1044
1032 1025
1033 1026
1034 1037
1035 1030
1036 1071
1037 973
1038 1057
1039 1048
1040 1050
1041 1006
1042 1068
1043 1059
1044 1053
1045 1015
1046 1104
1047 1027
1048 1046
1049 1027
1050 1060
1051 1039
1052 1082
1053 1023
1054 1087
1055 1028
1056 1097
1057 1062
1058 1044
1059 1103
1060 1039
1061 1060
1062 1081
1063 1066
1064 1072
1065 1071
1066 1046
1067 1069
1068 1054
1069 1071
1070 1079
1071 1070
1072 1083
1073 1088
1074 1064
1075 1083
1076 1109
1077 1051
1078 1091
1079 1085
1080 1096
1081 1075
1082 1068
1083 1096
1084 1110
1085 1093
1086 1058
1087 1093
1088 1085
1089 1064
1090 1107
1091 1124
1092 1086
1093 1091
1094 1127
1095 1111
1096 1104
1097 1062
1098 1101
1099 1090
1100 1146
1101 1087
1102 1104
1103 1082
1104 1138
1105 1082
1106 1131
1107 1123
1108 1111
1109 1095
1110 1141
1111 1103
1112 1147
1113 1098
1114 1107
1115 1125
1116 1147
1117 1075
1118 1154
1119 1116
1120 1110
1121 1121
1122 1120
1123 1165
1124 1107
1125 1116
1126 1147
1127 1137
1128 1136
1129 1096
1130 1158
1131 1108
1132 1142
1133 1127
1134 1179
1135 1108
1136 1138
1137 1126
1138 1153
1139 1175
1140 1140
1141 1112
1142 1159
1143 1154
1144 1140
1145 1116
1146 1149
1147 1136
1148 1172
1149 1131
1150 1156
1151 1168
1152 1156
1153 1190
1154 1130
1155 1156
1156 1151
1157 1180
1158 1170
1159 1179
1160 1164
1161 1156
1162 1169
1163 1177
1164 1172
1165 1148
1166 1209
1167 1177
1168 1178
1169 1161
1170 1209
1171 1159
1172 1183
1173 1134
1174 1171
1175 1226
1176 1153
1177 1199
1178 1173
1179 1197
1180 1169
1181 1157
1182 1223
1183 1183
1184 1177
1185 1172
1186 1200
1187 1227
1188 1171
1189 1208
1190 1200
1191 1241
1192 1220
1193 1142
1194 1211
1195 1188
1196 1193
1197 1185
1198 1199
1199 1200
1200 1190
1201 1176
1202 1225
1203 1218
1204 1214
1205 1185
1206 1236
1207 1219
1208 1213
1209 1205
1210 1181
1211 1233
1212 1213
1213 1169
1214 1208
1215 1239
1216 1231
1217 1208
1218 1204
1219 1243
1220 1214
1221 1220
1222 1241
1223 1222
1224 1256
1225 1192
1226 1240
1227 1191
1228 1274
1229 1184
1230 1253
1231 1237
1232 1227
1233 1262
1234 1212
1235 1263
1236 1215
1237 1221
1238 1271
1239 1220
1240 1243
1241 1235
1242 1240
1243 1270
1244 1226
1245 1230
1246 1239
1247 1287
1248 1221
1249 1265
1250 1248
1251 1265
1252 1244
1253 1227
1254 1262
1255 1268
1256 1256
1257 1256
1258 1249
1259 1287
1260 1242
1261 1233
1262 1308
1263 1268
1264 1260
1265 1229
1266 1307
1267 1297
1268 1259
1269 1250
1270 1295
1271 1283
1272 1285
1273 1264
1274 1263
1275 1279
1276 1288
1277 1257
1278 1296
1279 1291
1280 1267
1281 1287
1282 1275
1283 1317
1284 1270
1285 1243
1286 1317
1287 1278
1288 1276
1289 1271
1290 1266
1291 1344
1292 1290
1293 1321
1294 1279
1295 1329
1296 1285
1297 1301
1298 1296
1299 1322
1300 1317
1301 1285
1302 1333
1303 1303
1304 1330
1305 1315
1306 1318
1307 1312
1308 1324
1309 1262
1310 1311
1311 1329
1312 1300
1313 1295
1314 1340
1315 1320
1316 1314
1317 1272
1318 1359
1319 1313
1320 1320
1321 1284
1322 1331
1323 1325
1324 1342
1325 1310
1326 1334
1327 1302
1328 1331
1329 1319
1330 1336
1331 1352
1332 1327
1333 1319
1334 1326
1335 1353
1336 1324
1337 1331
1338 1347
1339 1339
1340 1338
1341 1329
1342 1356
1343 1351
1344 1346
1345 1322
1346 1302
1347 1393
1348 1323
1349 1332
1350 1360
1351 1379
1352 1369
1353 1343
1354 1341
1355 1419
1356 1357
1357 1344
1358 1358
1359 1381
1360 1352
1361 1344
1362 1342
1363 1399
1364 1360
1365 1353
1366 1387
1367 1356
1368 1383
1369 1342
1370 1386
1371 1387
1372 1372
1373 1369
1374 1389
1375 1370
1376 1326
1377 1403
1378 1400
1379 1400
1380 1356
1381 1379
1382 1397
1383 1407
1384 1393
1385 1383
1386 1397
1387 1382
1388 1406
1389 1388
1390 1378
1391 1423
1392 1371
1393 1397
1394 1422
1395 1417
1396 1397
1397 1399
1398 1430
1399 1387
1400 1400
1401 1420
1402 1411
1403 1410
1404 1416
1405 1362
1406 1417
1407 1422
1408 1401
1409 1405
1410 1404
1411 1439
1412 1387
1413 1421
1414 1421
1415 1430
1416 1405
1417 1432
1418 1413
1419 1405
1420 1418
1421 1411
1422 1440
1423 1416
1424 1460
1425 1396
1426 1420
1427 1473
1428 1395
1429 1409
1430 1477
1431 1447
1432 1443
1433 1423
1434 1415
1435 1436
1436 1420
1437 1431
1438 1436
1439 1466
1440 1415
1441 1449
1442 1406
1443 1521
1444 1423
1445 1431
1446 1431
1447 1478
1448 1441
1449 1458
1450 1423
1451 1480
1452 1475
1453 1406
1454 1474
1455 1467
1456 1465
1457 1445
1458 1437
1459 1526
1460 1415
1461 1431
1462 1489
1463 1502
1464 1476
1465 1436
1466 1460
1467 1494
1468 1460
1469 1443
1470 1457
1471 1491
1472 1469
1473 1482
1474 1418
1475 1531
1476 1467
1477 1439
1478 1531
1479 1475
1480 1467
1481 1444
1482 1503
1483 1505
1484 1471
1485 1429
1486 1546
1487 1450
1488 1508
1489 1465
1490 1511
1491 1494
1492 1480
1493 1492
1494 1520
1495 1496
1496 1500
1497 1493
1498 1495
1499 1505
1500 1500
1501 1485
1502 1489
1503 1506
1504 1486
1505 1510
1506 1498
1507 1529
1508 1478
1509 1513
1510 1521
1511 1512
1512 1494
1513 1486
1514 1552
1515 1483
1516 1525
1517 1514
1518 1563
1519 1514
1520 1501
1521 1508
1522 1535
1523 1529
1524 1540
1525 1489
1526 1579
1527 1544
1528 1503
1529 1512
1530 1505
1531 1566
1532 1503
1533 1542
1534 1539
1535 1545
1536 1518
1537 1514
1538 1516
1539 1574
1540 1523
1541 1556
1542 1531
1543 1577
1544 1524
1545 1564
1546 1547
1547 1566
1548 1537
1549 1512
1550 1539
1551 1564
1552 1548
1553 1559
1554 1547
1555 1612
1556 1521
1557 1557
1558 1572
1559 1585
1560 1580
1561 1526
1562 1549
1563 1591
1564 1587
1565 1567
1566 1576
1567 1554
1568 1616
1569 1570
1570 1550
1571 1611
1572 1544
1573 1598
1574 1586
1575 1598
1576 1579
1577 1564
1578 1543
1579 1596
1580 1575
1581 1569
1582 1573
1583 1623
1584 1557
1585 1607
1586 1546
1587 1656
1588 1536
1589 1600
1590 1580
1591 1585
1592 1571
1593 1615
1594 1562
1595 1616
1596 1558
1597 1599
1598 1630
1599 1578
1600 1585
1601 1619
1602 1593
1603 1645
1604 1569
1605 1578
1606 1634
1607 1643
1608 1616
1609 1564
1610 1606
1611 1650
1612 1617
1613 1589
1614 1644
1615 1611
1616 1618
1617 1644
1618 1570
1619 1689
1620 1590
1621 1611
1622 1644
1623 1638
1624 1671
1625 1585
1626 1613
1627 1620
1628 1632
1629 1594
1630 1656
1631 1647
1632 1586
1633 1653
1634 1591
1635 1703
1636 1646
1637 1594
1638 1645
1639 1670
1640 1611
1641 1657
1642 1620
1643 1663
1644 1655
1645 1636
1646 1639
1647 1677
1648 1622
1649 1672
1650 1610
1651 1720
1652 1655
1653 1626
1654 1683
1655 1703
1656 1634
1657 1685
1658 1622
1659 1694
1660 1648
1661 1628
1662 1672
1663 1696
1664 1630
1665 1711
1666 1595
1667 1726
1668 1625
1669 1680
1670 1674
1671 1704
1672 1663
1673 1649
1674 1670
1675 1708
1676 1685
1677 1669
1678 1695
1679 1685
1680 1691
1681 1727
1682 1639
1683 1713
1684 1682
1685 1697
1686 1704
1687 1749
1688 1663
1689 1682
1690 1663
1691 1729
1692 1702
1693 1664
1694 1679
1695 1709
1696 1688
1697 1687
1698 1664
1699 1702
1700 1717
1701 1682
1702 1703
1703 1704
1704 1713
1705 1680
1706 1750
1707 1670
1708 1716
1709 1676
1710 1717
1711 1733
1712 1684
1713 1760
1714 1675
1715 1742
1716 1660
1717 1725
1718 1733
1719 1746
1720 1709
1721 1694
1722 1728
1723 1771
1724 1714
1725 1699
1726 1748
1727 1726
1728 1702
1729 1750
1730 1672
1731 1809
1732 1674
1733 1719
1734 1739
1735 1766
1736 1737
1737 1728
1738 1695
1739 1794
1740 1723
1741 1745
1742 1750
1743 1748
1744 1754
1745 1772
1746 1680
1747 1785
1748 1723
1749 1735
1750 1772
1751 1766
1752 1754
1753 1760
1754 1692
1755 1830
1756 1732
1757 1780
1758 1733
1759 1830
1760 1739
1761 1773
1762 1698
1763 1795
1764 1759
1765 1779
1766 1790
1767 1788
1768 1752
1769 1758
1770 1794
1771 1778
1772 1781
1773 1758
1774 1798
1775 1784
1776 1761
1777 1820
1778 1726
1779 1836
1780 1751
1781 1795
1782 1810
1783 1787
1784 1789
1785 1747
1786 1819
1787 1809
1788 1792
1789 1763
1790 1834
1791 1765
1792 1823
1793 1792
1794 1770
1795 1807
1796 1768
1797 1766
1798 1831
1799 1799
1800 1800
1801 1793
1802 1809
1803 1804
1804 1777
1805 1817
1806 1811
1807 1798
1808 1801
1809 1792
1810 1825
1811 1849
1812 1799
1813 1801
1814 1863
1815 1819
1816 1820
1817 1807
1818 1816
1819 1839
1820 1789
1821 1829
1822 1819
1823 1818
1824 1800
1825 1877
1826 1782
1827 1931
1828 1762
1829 1833
1830 1839
1831 1852
1832 1800
1833 1865
1834 1753
1835 1889
1836 1837
1837 1818
1838 1819
1839 1828
1840 1819
1841 1868
1842 1814
1843 1891
1844 1835
1845 1848
1846 1839
1847 1923
1848 1807
1849 1897
1850 1805
1851 1898
1852 1860
1853 1835
1854 1872
1855 1881
1856 1841
1857 1885
1858 1811
1859 1884
1860 1833
1861 1840
1862 1888
1863 1887
1864 1855
1865 1900
1866 1840
1867 1915
1868 1876
1869 1863
1870 1884
1871 1885
1872 1875
1873 1894
1874 1818
1875 1938
1876 1848
1877 1824
1878 1889
1879 1891
1880 1884
1881 1907
1882 1865
1883 1892
1884 1899
1885 1855
1886 1920
1887 1855
1888 1922
1889 1896
1890 1868
1891 1921
1892 1872
1893 1894
1894 1950
1895 1904
1896 1899
1897 1849
1898 1910
1899 1951
1900 1888
1901 1895
1902 1925
1903 1930
1904 1889
1905 1930
1906 1894
1907 1955
1908 1884
1909 1910
1910 1933
1911 1931
1912 1873
1913 1916
1914 1916
1915 1952
1916 1911
1917 1894
1918 1915
1919 1906
1920 1930
1921 1935
1922 1865
1923 1990
1924 1892
1925 1911
1926 1947
1927 1910
1928 1920
1929 1942
1930 1961
1931 1897
1932 1934
1933 1938
1934 1962
1935 1940
1936 1917
1937 1953
1938 1889
1939 1985
1940 1952
1941 1976
1942 1931
1943 1970
1944 1936
1945 1924
1946 1932
1947 1969
1948 1964
1949 1926
1950 1969
1951 1937
1952 1984
1953 1952
1954 1934
1955 1964
1956 1960
1957 1970
1958 1982
1959 1951
1960 1963
1961 1942
1962 1999
1963 1949
1964 1986
1965 1887
1966 2004
1967 1973
1968 1976
1969 1968
1970 1917
1971 2024
1972 1932
1973 1970
1974 1974
1975 2000
1976 1980
1977 1986
1978 1976
1979 2000
1980 1964
1981 1970
1982 1998
1983 1984
1984 1985
1985 1998
1986 1867
1987 2119
1988 1924
1989 2040
1990 1977
1991 2032
1992 1981
1993 2029
1994 1969
1995 2047
1996 1960
1997 1992
1998 2033
1999 1994
2000 2021
2001 2019
2002 1949
2003 2073
2004 1988
2005 2053
2006 1997
2007 2018
2008 2025
2009 1972
2010 2082
2011 1988
2012 2027
2013 1964
2014 2042
2015 2034
2016 2022
2017 1999
2018 1971
2019 2100
2020 1949
2021 2062
2022 1992
2023 2048
2024 1972
2025 2004
2026 2042
2027 2042
2028 2056
2029 2009
2030 2056
2031 2000
2032 2059
2033 2054
2034 1979
2035 2081
2036 2013
2037 2041
2038 2024
2039 2043
2040 2026
2041 2022
2042 2040
2043 2057
2044 2032
2045 2047
2046 2017
2047 2067
2048 2027
2049 2076
2050 1960
2051 2098
2052 1993
2053 2075
2054 2044
2055 2084
2056 2048
2057 2067
2058 2051
2059 2100
2060 2010
2061 2067
2062 2006
2063 2087
2064 2074
2065 2045
2066 2010
2067 2097
2068 2025
2069 2057
2070 2064
2071 2083
2072 2089
2073 2066
2074 2080
2075 2131
2076 2020
2077 2078
2078 2075
2079 2128
2080 2066
2081 2119
2082 2036
2083 2125
2084 2071
2085 2091
2086 2114
2087 2087
2088 2080
2089 2038
2090 2126
2091 2120
2092 2090
2093 2093
2094 2097
2095 2064
2096 2106
2097 2110
2098 2096
2099 2125
2100 2054
2101 2120
2102 2123
2103 2088
2104 2101
2105 2089
2106 2118
2107 2127
2108 2081
2109 2128
2110 2102
2111 2139
2112 2075
2113 2147
2114 2045
2115 2149
2116 2106
2117 2105
2118 2159
2119 2145
2120 2095
2121 2069
2122 2168
2123 2128
2124 2119
2125 2135
2126 2106
2127 2176
2128 2137
2129 2130
2130 2093
2131 2158
2132 2140
2133 2105
2134 2103
2135 2182
2136 2104
2137 2135
2138 2120
2139 2174
2140 2123
2141 2168
2142 2165
2143 2164
2144 2141
2145 2171
2146 2103
2147 2240
2148 2139
2149 2207
2150 2132
2151 2191
2152 2134
2153 2194
2154 2138
2155 2183
2156 2125
2157 2174
2158 2140
2159 2198
2160 2141
2161 2219
2162 2103
2163 2198
2164 2141
2165 2131
2166 2227
2167 2141
2168 2216
2169 2083
2170 2208
2171 2186
2172 2176
2173 2127
2174 2188
2175 2167
2176 2186
2177 2179
2178 2117
2179 2256
2180 2187
2181 2170
2182 2183
2183 2196
2184 2199
2185 2199
2186 2171
2187 2206
2188 2218
2189 2164
2190 2230
2191 2189
2192 2204
2193 2203
2194 2137
2195 2257
2196 2193
2197 2217
2198 2213
2199 2209
2200 2224
2201 2149
2202 2256
2203 2177
2204 2244
2205 2147
2206 2260
2207 2180
2208 2243
2209 2188
2210 2204
2211 2231
2212 2238
2213 2222
2214 2275
2215 2210
2216 2201
2217 2262
2218 2201
2219 2263
2220 2234
2221 2202
2222 2227
2223 2224
2224 2200
2225 2281
2226 2172
2227 2293
2228 2165
2229 2239
2230 2263
2231 2259
2232 2218
2233 2250
2234 2231
2235 2279
2236 2209
2237 2240
2238 2219
2239 2253
2240 2272
2241 2260
2242 2190
2243 2319
2244 2201
2245 2252
2246 2265
2247 2298
2248 2262
2249 2248
2250 2253
2251 2238
2252 2270
2253 2226
2254 2268
2255 2229
2256 2305
2257 2261
2258 2261
2259 2267
2260 2268
2261 2264
2262 2305
2263 2296
2264 2234
2265 2265
2266 2279
2267 2302
2268 2288
2269 2239
2270 2240
2271 2286
2272 2275
2273 2269
2274 2262
2275 2325
2276 2256
2277 2278
2278 2322
2279 2253
2280 2351
2281 2247
2282 2277
2283 2312
2284 2292
2285 2300
2286 2285
2287 2291
2288 2329
2289 2311
2290 2269
2291 2314
2292 2252
2293 2291
2294 2346
2295 2295
2296 2263
2297 2304
2298 2285
2299 2368
2300 2264
2301 2333
2302 2254
2303 2343
2304 2294
2305 2359
2306 2236
2307 2376
2308 2258
2309 2320
2310 2318
2311 2300
2312 2359
2313 2246
2314 2321
2315 2310
2316 2387
2317 2279
2318 2306
2319 2332
2320 2365
2321 2323
2322 2324
2323 2319
2324 2285
2325 2344
2326 2325
2327 2302
2328 2337
2329 2325
2330 2325
2331 2404
2332 2312
2333 2369
2334 2338
2335 2317
2336 2332
2337 2383
2338 2295
2339 2395
2340 2295
2341 2366
2342 2339
2343 2371
2344 2306
2345 2372
2346 2335
2347 2466
2348 2284
2349 2375
2350 2346
2351 2358
2352 2398
2353 2332
2354 2309
2355 2394
2356 2373
2357 2358
2358 2343
2359 2369
2360 2340
2361 2350
2362 2371
2363 2394
2364 2350
2365 2365
2366 2356
2367 2367
2368 2367
2369 2432
2370 2293
2371 2477
2372 2288
2373 2386
2374 2390
2375 2372
2376 2357
2377 2385
2378 2431
2379 2359
2380 2411
2381 2320
2382 2455
2383 2321
2384 2399
2385 2354
2386 2426
2387 2410
2388 2384
2389 2410
2390 2377
2391 2428
2392 2368
2393 2409
2394 2417
2395 2421
2396 2385
2397 2384
2398 2375
2399 2406
2400 2388
2401 2444
2402 2347
2403 2461
2404 2432
2405 2395
2406 2400
2407 2374
2408 2395
2409 2409
2410 2425
2411 2415
2412 2430
2413 2387
2414 2407
2415 2414
2416 2456
2417 2429
2418 2403
2419 2416
2420 2396
2421 2472
2422 2410
2423 2444
2424 2438
2425 2433
2426 2412
2427 2491
2428 2431
2429 2407
2430 2423
2431 2467
2432 2430
2433 2443
2434 2413
2435 2440
2436 2431
2437 2427
2438 2456
2439 2412
2440 2436
2441 2433
2442 2493
2443 2409
2444 2474
2445 2426
2446 2428
2447 2437
2448 2500
2449 2446
2450 2450
2451 2500
2452 2421
2453 2470
2454 2450
2455 2495
2456 2440
2457 2486
2458 2440
2459 2486
2460 2448
2461 2465
2462 2453
2463 2490
2464 2487
2465 2475
2466 2468
2467 2463
2468 2472
2469 2472
2470 2476
2471 2520
2472 2421
2473 2486
2474 2462
2475 2507
2476 2464
2477 2438
2478 2491
2479 2505
2480 2488
2481 2494
2482 2432
2483 2566
2484 2439
2485 2515
2486 2475
2487 2523
2488 2456
2489 2524
2490 2475
2491 2539
2492 2466
2493 2515
2494 2492
2495 2513
2496 2527
2497 2554
2498 2410
2499 2578
2500 2453
2501 2545
2502 2495
2503 2527
2504 2478
2505 2514
2506 2486
2507 2531
2508 2523
2509 2532
2510 2517
2511 2474
2512 2553
2513 2533
2514 2488
2515 2563
2516 2486
2517 2553
2518 2503
2519 2559
2520 2467
2521 2574
2522 2538
2523 2532
2524 2505
2525 2509
2526 2543
2527 2555
2528 2543
2529 2544
2530 2483
2531 2564
2532 2523
2533 2584
2534 2559
2535 2535
2536 2484
2537 2567
2538 2541
2539 2572
2540 2557
2541 2482
2542 2546
2543 2499
2544 2587
2545 2515
2546 2569
2547 2595
2548 2527
2549 2573
2550 2501
2551 2611
2552 2491
2553 2551
2554 2527
2555 2593
2556 2579
2557 2531
2558 2562
2559 2569
2560 2543
2561 2583
2562 2535
2563 2603
2564 2547
2565 2588
2566 2562
2567 2593
2568 2497
2569 2606
2570 2546
2571 2583
2572 2552
2573 2597
2574 2591
2575 2589
2576 2621
2577 2572
2578 2579
2579 2580
2580 2602
2581 2620
2582 2575
2583 2582
2584 2581
2585 2637
2586 2577
2587 2571
2588 2631
2589 2590
2590 2584
2591 2572
2592 2657
2593 2565
2594 2605
2595 2608
2596 2592
2597 2580
2598 2651
2599 2618
2600 2595
2601 2583
2602 2610
2603 2628
2604 2569
2605 2633
2606 2584
2607 2620
2608 2608
2609 2620
2610 2557
2611 2695
2612 2577
2613 2621
2614 2655
2615 2619
2616 2624
2617 2592
2618 2662
2619 2653
2620 2594
2621 2632
2622 2600
2623 2603
2624 2668
2625 2610
2626 2601
2627 2647
2628 2657
2629 2629
2630 2620
2631 2653
2632 2605
2633 2616
2634 2671
2635 2628
2636 2606
2637 2645
2638 2663
2639 2642
2640 2678
2641 2698
2642 2549
2643 2705
2644 2594
2645 2701
2646 2617
2647 2695
2648 2586
2649 2648
2650 2602
2651 2710
2652 2610
2653 2666
2654 2641
2655 2687
2656 2660
2657 2689
2658 2690
2659 2674
2660 2670
2661 2647
2662 2671
2663 2731
2664 2607
2665 2659
2666 2715
2667 2678
2668 2690
2669 2609
2670 2710
2671 2654
2672 2746
2673 2642
2674 2653
2675 2717
2676 2645
2677 2754
2678 2660
2679 2723
2680 2685
2681 2636
2682 2684
2683 2702
2684 2707
2685 2689
2686 2718
2687 2671
2688 2709
2689 2694
2690 2662
2691 2712
2692 2704
2693 2714
2694 2738
2695 2712
2696 2689
2697 2656
2698 2705
2699 2752
2700 2698
2701 2711
2702 2691
2703 2726
2704 2712
2705 2723
2706 2683
2707 2734
2708 2753
2709 2707
2710 2712
2711 2736
2712 2734
2713 2727
2714 2713
2715 2728
2716 2697
2717 2729
2718 2697
2719 2755
2720 2745
2721 2706
2722 2741
2723 2723
2724 2737
2725 2732
2726 2743
2727 2743
2728 2737
2729 2719
2730 2708
2731 2805
2732 2701
2733 2729
2734 2710
2735 2785
2736 2662
2737 2786
2738 2653
2739 2774
2740 2697
2741 2806
2742 2759
2743 2787
2744 2716
2745 2687
2746 2721
2747 2832
2748 2746
2749 2752
2750 2738
2751 2768
2752 2774
2753 2762
2754 2713
2755 2769
2756 2742
2757 2754
2758 2802
2759 2762
2760 2714
2761 2755
2762 2763
2763 2807
2764 2728
2765 2792
2766 2745
2767 2803
2768 2788
2769 2763
2770 2761
2771 2820
2772 2748
2773 2782
2774 2790
2775 2803
2776 2788
2777 2731
2778 2821
2779 2829
2780 2768
2781 2760
2782 2710
2783 2844
2784 2750
2785 2841
2786 2736
2787 2830
2788 2784
2789 2815
2790 2834
2791 2837
2792 2752
2793 2781
2794 2814
2795 2825
2796 2795
2797 2758
2798 2808
2799 2848
2800 2781
2801 2840
2802 2738
2803 2855
2804 2796
2805 2797
2806 2820
2807 2842
2808 2781
2809 2812
2810 2803
2811 2819
2812 2792
2813 2836
2814 2843
2815 2841
2816 2775
2817 2787
2818 2802
2819 2840
2820 2798
2821 2828
2822 2838
2823 2840
2824 2799
2825 2809
2826 2871
2827 2783
2828 2827
2829 2838
2830 2807
2831 2862
2832 2858
2833 2860
2834 2802
2835 2820
2836 2773
2837 2862
2838 2826
2839 2893
2840 2831
2841 2854
2842 2866
2843 2846
2844 2839
2845 2882
2846 2837
2847 2890
2848 2793
2849 2848
2850 2846
2851 2922
2852 2823
2853 2872
2854 2862
2855 2881
2856 2867
2857 2805
2858 2918
2859 2852
2860 2850
2861 2880
2862 2864
2863 2910
2864 2850
2865 2871
2866 2807
2867 2911
2868 2803
2869 2940
2870 2858
2871 2921
2872 2864
2873 2835
2874 2870
2875 2901
2876 2841
2877 2911
2878 2802
2879 2893
2880 2896
2881 2923
2882 2853
2883 2892
2884 2827
2885 2932
2886 2903
2887 2941
2888 2839
2889 2891
2890 2899
2891 2886
2892 2947
2893 2865
2894 2876
2895 2931
2896 2922
2897 2906
2898 2854
2899 2980
2900 2900
2901 2877
2902 2991
2903 2892
2904 2887
2905 2854
2906 2894
2907 2897
2908 2899
2909 2915
2910 2908
2911 2947
2912 2878
2913 2917
2914 2869
2915 3012
2916 2875
2917 2938
2918 2917
2919 2945
2920 2891
2921 2949
2922 2882
2923 2978
2924 2954
2925 2906
2926 2909
2927 2909
2928 2912
2929 2976
2930 2900
2931 2994
2932 2879
2933 2984
2934 2968
2935 2934
2936 2905
2937 2968
2938 2944
2939 2955
2940 2942
2941 2953
2942 2892
2943 2958
2944 2934
2945 2996
2946 2882
2947 2986
2948 2920
2949 2999
2950 2983
2951 2982
2952 2944
2953 2905
2954 2989
2955 2965
2956 3008
2957 2912
2958 2965
2959 2968
2960 2997
2961 2945
2962 2985
2963 2958
2964 2979
2965 2950
2966 3026
2967 2928
2968 2960
2969 2954
2970 3012
2971 3023
2972 3003
2973 2945
2974 2965
2975 3017
2976 3003
2977 2983
2978 2953
2979 3003
2980 2998
2981 2966
2982 3004
2983 3004
2984 2969
2985 2956
2986 3028
2987 2981
2988 3071
2989 2917
2990 3012
2991 3009
2992 3018
2993 2975
2994 2993
2995 3050
2996 2952
2997 3044
2998 2982
2999 3008
3000 2968
3001 2988
3002 3024
3003 2986
3004 3046
3005 2996
3006 2975
3007 3043
3008 3014
3009 3004
3010 2973
3011 3038
3012 2986
3013 2991
3014 3056
3015 3046
3016 3016
3017 2981
3018 3103
3019 3000
3020 3041
3021 2997
3022 3032
3023 3038
3024 3026
3025 3039
3026 3063
3027 3044
3028 3018
3029 2981
3030 3088
3031 3045
3032 3002
3033 3057
3034 3000
3035 3073
3036 3018
3037 3044
3038 2953
3039 3124
3040 2975
3041 3059
3042 3018
3043 3092
3044 3044
3045 3031
3046 3070
3047 3061
3048 2996
3049 2937
3050 3122
3051 3041
3052 3122
3053 2980
3054 3057
3055 3108
3056 3090
3057 3053
3058 3051
3059 3084
3060 3107
3061 3024
3062 3097
3063 3059
3064 3106
3065 3000
3066 3083
3067 3063
3068 3088
3069 3039
3070 3051
3071 3119
3072 3081
3073 3039
3074 3092
3075 3066
3076 3031
3077 3137
3078 3106
3079 3057
3080 3098
3081 3036
3082 3083
3083 3110
3084 3060
3085 3123
3086 3062
3087 3092
3088 3077
3089 3136
3090 3091
3091 3112
3092 3037
3093 3160
3094 3089
3095 3143
3096 3071
3097 3064
3098 3101
3099 3090
3100 3096
3101 3075
3102 3150
3103 3114
3104 3104
3105 3091
3106 3102
3107 3185
3108 3085
3109 3101
3110 3125
3111 3166
3112 3130
3113 3050
3114 3137
3115 3139
3116 3083
3117 3148
3118 3103
3119 3132
3120 3143
3121 3148
3122 3087
3123 3165
3124 3121
3125 3164
3126 3134
3127 3151
3128 3123
3129 3073
3130 3168
3131 3120
3132 3184
3133 3129
3134 3150
3135 3144
3136 3137
3137 3178
3138 3075
3139 3213
3140 3028
3141 3220
3142 3117
3143 3245
3144 3093
3145 3161
3146 3098
3147 3198
3148 3073
3149 3125
3150 3203
3151 3155
3152 3174
3153 3185
3154 3126
3155 3160
3156 3099
3157 3224
3158 3146
3159 3184
3160 3198
3161 3100
3162 3225
3163 3145
3164 3143
3165 3124
3166 3197
3167 3176
3168 3187
3169 3168
3170 3076
3171 3234
3172 3112
3173 3251
3174 3127
3175 3224
3176 3137
3177 3213
3178 3179
3179 3185
3180 3163
3181 3138
3182 3194
3183 3234
3184 3127
3185 3248
3186 3176
3187 3192
3188 3181
3189 3196
3190 3194
3191 3210
3192 3146
3193 3153
3194 3267
3195 3197
3196 3188
3197 3159
3198 3225
3199 3236
3200 3211
3201 3200
3202 3164
3203 3270
3204 3143
3205 3196
3206 3275
3207 3244
3208 3154
3209 3214
3210 3197
3211 3246
3212 3165
3213 3270
3214 3163
3215 3326
3216 3117
3217 3334
3218 3102
3219 3307
3220 3205
3221 3286
3222 3193
3223 3269
3224 3177
3225 3212
3226 3271
3227 3208
3228 3221
3229 3268
3230 3207
3231 3238
3232 3168
3233 3305
3234 3178
3235 3301
3236 3229
3237 3282
3238 3212
3239 3304
3240 3222
3241 3177
3242 3313
3243 3255
3244 3273
3245 3230
3246 3239
3247 3270
3248 3260
3249 3266
3250 3255
3251 3229
3252 3258
3253 3245
3254 3282
3255 3287
3256 3243
3257 3258
3258 3239
3259 3254
3260 3247
3261 3251
3262 3255
3263 3341
3264 3258
3265 3305
3266 3167
3267 3341
3268 3241
3269 3281
3270 3308
3271 3295
3272 3239
3273 3277
3274 3300
3275 3326
3276 3213
3277 3265
3278 3259
3279 3292
3280 3271
3281 3318
3282 3258
3283 3295
3284 3248
3285 3316
3286 3335
3287 3285
3288 3279
3289 3271
3290 3270
3291 3338
3292 3285
3293 3251
3294 3322
3295 3335
3296 3273
3297 3286
3298 3290
3299 3366
3300 3258
3301 3341
3302 3295
3303 3348
3304 3314
3305 3226
3306 3316
3307 3313
3308 3322
3309 3259
3310 3339
3311 3326
3312 3284
3313 3303
3314 3325
3315 3342
3316 3238
3317 3387
3318 3372
3319 3365
3320 3303
3321 3271
3322 3349
3323 3346
3324 3321
3325 3277
3326 3315
3327 3378
3328 3308
3329 3308
3330 3306
3331 3364
3332 3359
3333 3347
3334 3301
3335 3384
3336 3361
3337 3296
3338 3392
3339 3335
3340 3328
3341 3338
3342 3318
3343 3404
3344 3294
3345 3399
3346 3324
3347 3365
3348 3294
3349 3387
3350 3378
3351 3380
3352 3342
3353 3353
3354 3404
3355 3342
3356 3353
3357 3352
3358 3369
3359 3335
3360 3330
3361 3376
3362 3355
3363 3394
3364 3389
3365 3349
3366 3414
3367 3381
3368 3342
3369 3347
3370 3428
3371 3312
3372 3425
3373 3273
3374 3464
3375 3331
3376 3427
3377 3344
3378 3433
3379 3370
3380 3388
3381 3368
3382 3475
3383 3320
3384 3427
3385 3335
3386 3440
3387 3422
3388 3386
3389 3376
3390 3422
3391 3385
3392 3368
3393 3456
3394 3301
3395 3454
3396 3402
3397 3423
3398 3412
3399 3448
3400 3385
3401 3423
3402 3405
3403 3411
3404 3384
3405 3375
3406 3489
3407 3415
3408 3424
3409 3369
3410 3402
3411 3402
3412 3473
3413 3389
3414 3469
3415 3446
3416 3419
3417 3375
3418 3442
3419 3477
3420 3411
3421 3434
3422 3447
3423 3400
3424 3418
3425 3449
3426 3400
3427 3501
3428 3403
3429 3465
3430 3488
3431 3458
3432 3426
3433 3377
3434 3427
3435 3440
3436 3435
3437 3419
3438 3405
3439 3484
3440 3424
3441 3454
3442 3394
3443 3479
3444 3396
3445 3516
3446 3410
3447 3536
3448 3379
3449 3439
3450 3429
3451 3502
3452 3422
3453 3459
3454 3475
3455 3441
3456 3471
3457 3495
3458 3412
3459 3483
3460 3485
3461 3508
3462 3464
3463 3477
3464 3472
3465 3420
3466 3480
3467 3482
3468 3459
3469 3473
3470 3512
3471 3496
3472 3489
3473 3468
3474 3441
3475 3478
3476 3468
3477 3539
3478 3480
3479 3515
3480 3503
3481 3449
3482 3434
3483 3492
3484 3475
3485 3489
3486 3509
3487 3458
3488 3542
3489 3445
3490 3471
3491 3521
3492 3493
3493 3526
3494 3477
3495 3557
3496 3451
3497 3484
3498 3494
3499 3563
3500 3476
3501 3498
3502 3531
3503 3532
3504 3490
3505 3538
3506 3396
3507 3563
3508 3524
3509 3522
3510 3520
3511 3531
3512 3498
3513 3534
3514 3493
3515 3525
3516 3526
3517 3543
3518 3504
3519 3549
3520 3531
3521 3459
3522 3524
3523 3545
3524 3532
3525 3527
3526 3585
3527 3536
3528 3529
3529 3521
3530 3536
3531 3495
3532 3549
3533 3503
3534 3593
3535 3503
3536 3591
3537 3491
3538 3582
3539 3543
3540 3608
3541 3492
3542 3603
3543 3563
3544 3598
3545 3525
3546 3572
3547 3554
3548 3541
3549 3535
3550 3547
3551 3564
3552 3577
3553 3587
3554 3523
3555 3608
3556 3506
3557 3588
3558 3547
3559 3667
3560 3556
3561 3550
3562 3579
3563 3537
3564 3613
3565 3534
3566 3611
3567 3544
3568 3586
3569 3586
3570 3550
3571 3647
3572 3509
3573 3663
3574 3527
3575 3628
3576 3628
3577 3488
3578 3650
3579 3538
3580 3590
3581 3542
3582 3608
3583 3633
3584 3575
3585 3650
3586 3520
3587 3684
3588 3450
3589 3696
3590 3530
3591 3691
3592 3560
3593 3535
3594 3650
3595 3576
3596 3588
3597 3618
3598 3571
3599 3671
3600 3583
3601 3637
3602 3541
3603 3652
3604 3580
3605 3629
3606 3644
3607 3671
3608 3631
3609 3555
3610 3645
3611 3641
3612 3550
3613 3653
3614 3642
3615 3624
3616 3648
3617 3593
3618 3593
3619 3724
3620 3508
3621 3688
3622 3631
3623 3663
3624 3657
3625 3620
3626 3650
3627 3661
3628 3577
3629 3678
3630 3624
3631 3619
3632 3655
3633 3628
3634 3573
3635 3714
3636 3603
3637 3643
3638 3672
3639 3647
3640 3672
3641 3563
3642 3704
3643 3610
3644 3638
3645 3621
3646 3669
3647 3699
3648 3604
3649 3663
3650 3597
3651 3705
3652 3578
3653 3718
3654 3640
3655 3718
3656 3676
3657 3623
3658 3723
3659 3590
3660 3698
3661 3622
3662 3703
3663 3678
3664 3615
3665 3723
3666 3594
3667 3720
3668 3693
3669 3727
3670 3682
3671 3670
3672 3689
3673 3705
3674 3696
3675 3636
3676 3671
3677 3633
3678 3709
3679 3742
3680 3668
3681 3697
3682 3638
3683 3753
3684 3651
3685 3764
3686 3706
3687 3702
3688 3669
3689 3692
3690 3727
3691 3672
3692 3654
3693 3719
3694 3724
3695 3723
3696 3668
3697 3700
3698 3669
3699 3755
3700 3745
3701 3662
3702 3673
3703 3714
3704 3782
3705 3657
3706 3769
3707 3650
3708 3730
3709 3677
3710 3795
3711 3691
3712 3736
3713 3723
3714 3721
3715 3700
3716 3686
3717 3794
3718 3680
3719 3774
3720 3715
3721 3706
3722 3764
3723 3749
3724 3712
3725 3716
3726 3696
3727 3783
3728 3683
3729 3835
3730 3691
3731 3811
3732 3679
3733 3739
3734 3752
3735 3793
3736 3775
3737 3701
3738 3761
3739 3719
3740 3757
3741 3730
3742 3760
3743 3813
3744 3703
3745 3788
3746 3702
3747 3784
3748 3727
3749 3787
3750 3765
3751 3801
3752 3737
3753 3737
3754 3834
3755 3732
3756 3673
3757 3775
3758 3718
3759 3775
3760 3741
3761 3827
3762 3745
3763 3798
3764 3684
3765 3814
3766 3757
3767 3811
3768 3765
3769 3764
3770 3801
3771 3766
3772 3746
3773 3794
3774 3736
3775 3772
3776 3731
3777 3817
3778 3713
3779 3846
3780 3725
3781 3867
3782 3723
3783 3852
3784 3730
3785 3815
3786 3853
3787 3770
3788 3748
3789 3797
3790 3817
3791 3798
3792 3788
3793 3826
3794 3744
3795 3828
3796 3760
3797 3833
3798 3794
3799 3885
3800 3786
3801 3791
3802 3781
3803 3873
3804 3726
3805 3808
3806 3810
3807 3834
3808 3831
3809 3819
3810 3751
3811 3936
3812 3733
3813 3890
3814 3798
3815 3853
3816 3864
3817 3795
3818 3815
3819 3830
3820 3817
3821 3834
3822 3799
3823 3869
3824 3833
3825 3803
3826 3813
3827 3894
3828 3790
3829 3890
3830 3833
3831 3870
3832 3849
3833 3807
3834 3889
3835 3795
3836 3784
3837 3871
3838 3878
3839 3822
3840 3849
3841 3854
3842 3778
3843 3899
3844 3802
3845 3832
3846 3873
3847 3885
3848 3821
3849 3855
3850 3808
3851 3939
3852 3768
3853 3845
3854 3885
3855 3885
3856 3876
3857 3829
3858 3888
3859 3887
3860 3821
3861 3911
3862 3853
3863 3931
3864 3856
3865 3823
3866 3884
3867 3876
3868 3834
3869 3890
3870 3889
3871 3911
3872 3810
3873 3931
3874 3803
3875 3930
3876 3797
3877 3866
3878 3930
3879 3952
3880 3869
3881 3819
3882 3890
3883 3934
3884 3882
3885 3817
3886 3953
3887 3844
3888 3912
3889 3850
3890 3857
3891 3968
3892 3808
3893 3963
3894 3853
3895 3968
3896 3869
3897 3988
3898 3859
3899 3985
3900 3820
3901 3925
3902 3897
3903 3932
3904 3864
3905 3917
3906 3917
3907 3952
3908 3838
3909 3977
3910 3881
3911 4004
3912 3851
3913 3913
3914 3919
3915 3936
3916 3945
3917 3922
3918 3972
3919 3887
3920 3909
3921 3913
3922 3874
3923 4006
3924 3909
3925 3930
3926 3930
3927 3946
3928 3942
3929 3927
3930 3909
3931 3984
3932 3838
3933 3965
3934 3878
3935 3962
3936 3956
3937 3968
3938 3904
3939 4015
3940 3952
3941 3953
3942 3992
3943 3947
3944 3957
3945 3968
3946 3940
3947 3987
3948 3920
3949 3900
3950 4007
3951 3941
3952 4029
3953 3951
3954 3936
3955 3989
3956 3913
3957 3999
3958 3944
3959 3958
3960 3968
3961 4019
3962 3899
3963 4055
3964 3880
3965 4076
3966 3858
3967 4092
3968 3892
3969 4069
3970 3878
3971 4025
3972 3973
3973 3945
3974 3969
3975 4043
3976 3984
3977 3943
3978 4008
3979 3993
3980 3966
3981 3989
3982 3941
3983 4003
3984 3971
3985 4074
3986 3931
3987 4071
3988 3952
3989 3993
3990 3995
3991 4044
3992 4000
3993 3936
3994 4064
3995 3971
3996 4005
3997 3955
3998 4045
3999 4017
4000 3999
4001 3996
4002 3964
4003 4104
4004 3994
4005 4022
4006 3977
4007 4061
4008 3944
4009 3999
4010 4034
4011 4052
4012 3993
4013 3990
4014 4022
4015 4048
4016 3992
4017 4086
4018 4033
4019 4069
4020 4018
4021 3977
4022 4066
4023 4053
4024 4067
4025 3949
4026 4075
4027 4032
4028 4009
4029 4035
4030 4060
4031 4002
4032 4042
4033 4021
4034 4073
4035 4115
4036 4017
4037 4036
4038 3997
4039 4122
4040 3998
4041 4107
4042 4068
4043 4009
4044 4114
4045 4008
4046 4091
4047 4061
4048 4056
4049 4058
4050 4025
4051 4069
4052 4051
4053 4064
4054 4061
4055 4155
4056 4036
4057 4093
4058 4027
4059 4099
4060 4001
4061 4143
4062 4011
4063 4153
4064 4030
4065 4097
4066 4090
4067 4113
4068 4013
4069 4124
4070 4128
4071 4104
4072 4084
4073 4007
4074 4141
4075 4051
4076 4044
4077 4036
4078 4127
4079 4111
4080 4049
4081 4089
4082 4033
4083 4104
4084 4113
4085 4140
4086 4084
4087 4134
4088 4075
4089 4130
4090 4076
4091 4099
4092 4017
4093 4187
4094 4066
4095 4162
4096 4089
4097 4067
4098 4070
4099 4130
4100 4069
4101 4117
4102 4097
4103 4126
4104 4142
4105 4066
4106 4155
4107 4057
4108 4113
4109 4036
4110 4139
4111 4108
4112 4138
4113 4031
4114 4160
4115 4173
4116 4119
4117 4144
4118 4108
4119 4158
4120 4085
4121 4145
4122 4137
4123 4107
4124 4139
4125 4134
4126 4079
4127 4165
4128 4091
4129 4249
4130 4113
4131 4187
4132 4092
4133 4126
4134 4135
4135 4182
4136 4195
4137 4075
4138 4206
4139 4111
4140 4171
4141 4095
4142 4190
4143 4128
4144 4109
4145 4218
4146 4054
4147 4266
4148 4139
4149 4216
4150 4156
4151 4156
4152 4101
4153 4200
4154 4150
4155 4229
4156 4101
4157 4126
4158 4101
4159 4210
4160 4171
4161 4170
4162 4137
4163 4177
4164 4172
4165 4139
4166 4171
4167 4225
4168 4200
4169 4130
4170 4175
4171 4187
4172 4201
4173 4118
4174 4165
4175 4148
4176 4263
4177 4183
4178 4141
4179 4258
4180 4164
4181 4228
4182 4174
4183 4220
4184 4162
4185 4187
4186 4224
4187 4213
4188 4153
4189 4223
4190 4173
4191 4236
4192 4181
4193 4239
4194 4149
4195 4290
4196 4140
4197 4216
4198 4209
4199 4216
4200 4139
4201 4193
4202 4241
4203 4235
4204 4169
4205 4164
4206 4230
4207 4220
4208 4177
4209 4218
4210 4185
4211 4276
4212 4221
4213 4225
4214 4298
4215 4235
4216 4247
4217 4163
4218 4261
4219 4189
4220 4203
4221 4175
4222 4235
4223 4268
4224 4211
4225 4217
4226 4239
4227 4267
4228 4161
4229 4267
4230 4232
4231 4269
4232 4229
4233 4214
4234 4299
4235 4183
4236 4274
4237 4188
4238 4280
4239 4228
4240 4249
4241 4206
4242 4254
4243 4256
4244 4261
4245 4263
4246 4245
4247 4246
4248 4196
4249 4230
4250 4264
4251 4249
4252 4262
4253 4180
4254 4339
4255 4219
4256 4292
4257 4262
4258 4268
4259 4319
4260 4223
4261 4268
4262 4269
4263 4311
4264 4273
4265 4266
4266 4270
4267 4289
4268 4214
4269 4268
4270 4291
4271 4248
4272 4302
4273 4261
4274 4347
4275 4330
4276 4210
4277 4291
4278 4261
4279 4324
4280 4309
4281 4312
4282 4263
4283 4281
4284 4267
4285 4290
4286 4297
4287 4288
4288 4281
4289 4297
4290 4323
4291 4335
4292 4250
4293 4291
4294 4368
4295 4333
4296 4270
4297 4286
4298 4336
4299 4325
4300 4245
4301 4298
4302 4320
4303 4297
4304 4310
4305 4374
4306 4255
4307 4354
4308 4252
4309 4381
4310 4299
4311 4352
4312 4298
4313 4327
4314 4315
4315 4254
4316 4338
4317 4284
4318 4329
4319 4337
4320 4318
4321 4357
4322 4344
4323 4329
4324 4309
4325 4336
4326 4356
4327 4344
4328 4330
4329 4349
4330 4322
4331 4386
4332 4226
4333 4341
4334 4332
4335 4372
4336 4286
4337 4350
4338 4349
4339 4421
4340 4286
4341 4352
4342 4329
4343 4356
4344 4347
4345 4295
4346 4390
4347 4377
4348 4334
4349 4324
4350 4334
4351 4367
4352 4322
4353 4407
4354 4352
4355 4384
4356 4354
4357 4350
4358 4398
4359 4334
4360 4372
4361 4329
4362 4429
4363 4415
4364 4283
4365 4337
4366 4397
4367 4341
4368 4389
4369 4346
4370 4416
4371 4418
4372 4366
4373 4377
4374 4409
4375 4432
4376 4338
4377 4403
4378 4379
4379 4420
4380 4332
4381 4416
4382 4282
4383 4496
4384 4300
4385 4441
4386 4329
4387 4477
4388 4313
4389 4463
4390 4402
4391 4417
4392 4436
4393 4408
4394 4343
4395 4383
4396 4400
4397 4414
4398 4415
4399 4369
4400 4385
4401 4423
4402 4403
4403 4470
4404 4350
4405 4442
4406 4426
4407 4432
4408 4473
4409 4385
4410 4439
4411 4398
4412 4383
4413 4428
4414 4443
4415 4396
4416 4451
4417 4441
4418 4402
4419 4378
4420 4491
4421 4417
4422 4512
4423 4423
4424 4382
4425 4422
4426 4497
4427 4444
4428 4323
4429 4416
4430 4413
4431 4520
4432 4421
4433 4464
4434 4390
4435 4491
4436 4450
4437 4450
4438 4441
4439 4508
4440 4432
4441 4372
4442 4463
4443 4396
4444 4427
4445 4411
4446 4455
4447 4485
4448 4488
4449 4412
4450 4468
4451 4438
4452 4514
4453 4518
4454 4429
4455 4478
4456 4443
4457 4409
4458 4507
4459 4494
4460 4442
4461 4476
4462 4463
4463 4469
4464 4439
4465 4487
4466 4519
4467 4463
4468 4467
4469 4489
4470 4487
4471 4514
4472 4527
4473 4428
4474 4514
4475 4438
4476 4437
4477 4484
4478 4447
4479 4525
4480 4458
4481 4538
4482 4440
4483 4533
4484 4442
4485 4451
4486 4589
4487 4431
4488 4548
4489 4416
4490 4585
4491 4487
4492 4473
4493 4470
4494 4506
4495 4567
4496 4455
4497 4538
4498 4463
4499 4623
4500 4436
4501 4515
4502 4517
4503 4595
4504 4508
4505 4522
4506 4463
4507 4522
4508 4510
4509 4468
4510 4587
4511 4478
4512 4549
4513 4524
4514 4455
4515 4594
4516 4483
4517 4522
4518 4532
4519 4475
4520 4550
4521 4506
4522 4555
4523 4510
4524 4491
4525 4519
4526 4547
4527 4500
4528 4573
4529 4557
4530 4493
4531 4636
4532 4476
4533 4541
4534 4546
4535 4555
4536 4516
4537 4510
4538 4561
4539 4593
4540 4504
4541 4523
4542 4532
4543 4576
4544 4511
4545 4552
4546 4517
4547 4613
4548 4520
4549 4609
4550 4531
4551 4599
4552 4490
4553 4582
4554 4556
4555 4607
4556 4512
4557 4580
4558 4538
4559 4576
4560 4531
4561 4671
4562 4532
4563 4686
4564 4449
4565 4598
4566 4533
4567 4580
4568 4597
4569 4594
4570 4598
4571 4533
4572 4563
4573 4510
4574 4622
4575 4598
4576 4537
4577 4616
4578 4597
4579 4558
4580 4584
4581 4625
4582 4571
4583 4599
4584 4619
4585 4576
4586 4624
4587 4543
4588 4578
4589 4579
4590 4608
4591 4628
4592 4638
4593 4570
4594 4618
4595 4638
4596 4578
4597 4600
4598 4650
4599 4601
4600 4557
4601 4640
4602 4619
4603 4639
4604 4525
4605 4641
4606 4570
4607 4681
4608 4550
4609 4639
4610 4573
4611 4646
4612 4526
4613 4640
4614 4680
4615 4634
4616 4634
4617 4602
4618 4593
4619 4624
4620 4603
4621 4632
4622 4607
4623 4561
4624 4602
4625 4617
4626 4703
4627 4616
4628 4667
4629 4597
4630 4699
4631 4648
4632 4685
4633 4534
4634 4659
4635 4667
4636 4638
4637 4656
4638 4657
4639 4640
4640 4626
4641 4639
4642 4623
4643 4735
4644 4584
4645 4715
4646 4607
4647 4660
4648 4655
4649 4616
4650 4682
4651 4672
4652 4645
4653 4606
4654 4717
4655 4621
4656 4673
4657 4666
4658 4701
4659 4702
4660 4676
4661 4667
4662 4721
4663 4687
4664 4635
4665 4694
4666 4680
4667 4740
4668 4631
4669 4701
4670 4631
4671 4699
4672 4653
4673 4673
4674 4729
4675 4662
4676 4699
4677 4718
4678 4684
4679 4688
4680 4734
4681 4634
4682 4812
4683 4641
4684 4690
4685 4670
4686 4719
4687 4644
4688 4787
4689 4689
4690 4697
4691 4738
4692 4700
4693 4702
4694 4720
4695 4711
4696 4687
4697 4645
4698 4747
4699 4735
4700 4665
4701 4710
4702 4721
4703 4760
4704 4716
4705 4711
4706 4663
4707 4823
4708 4645
4709 4777
4710 4686
4711 4771
4712 4752
4713 4681
4714 4705
4715 4701
4716 4723
4717 4778
4718 4723
4719 4695
4720 4684
4721 4767
4722 4694
4723 4779
4724 4686
4725 4747
4726 4708
4727 4792
4728 4766
4729 4693
4730 4782
4731 4663
4732 4721
4733 4712
4734 4751
4735 4736
4736 4702
4737 4777
4738 4742
4739 4825
4740 4707
4741 4747
4742 4794
4743 4752
4744 4723
4745 4748
4746 4795
4747 4725
4748 4710
4749 4722
4750 4773
4751 4749
4752 4763
4753 4762
4754 4739
4755 4831
4756 4749
4757 4754
4758 4746
4759 4841
4760 4717
4761 4757
4762 4769
4763 4772
4764 4704
4765 4736
4766 4826
4767 4749
4768 4741
4769 4758
4770 4792
4771 4839
4772 4728
4773 4850
4774 4754
4775 4861
4776 4746
4777 4789
4778 4775
4779 4830
4780 4715
4781 4778
4782 4809
4783 4797
4784 4780
4785 4872
4786 4732
4787 4886
4788 4750
4789 4829
4790 4824
4791 4823
4792 4755
4793 4761
4794 4910
4795 4787
4796 4750
4797 4813
4798 4829
4799 4781
4800 4809
4801 4809
4802 4835
4803 4874
4804 4721
4805 4816
4806 4896
4807 4826
4808 4782
4809 4754
4810 4816
4811 4810
4812 4790
4813 4786
4814 4830
4815 4834
4816 4792
4817 4843
4818 4835
4819 4906
4820 4789
4821 4807
4822 4848
4823 4804
4824 4859
4825 4805
4826 4917
4827 4791
4828 4826
4829 4746
4830 4890
4831 4812
4832 4882
4833 4827
4834 4776
4835 4967
4836 4808
4837 4872
4838 4896
4839 4822
4840 4867
4841 4798
4842 4926
4843 4885
4844 4795
4845 4887
4846 4792
4847 4877
4848 4806
4849 4861
4850 4830
4851 4951
4852 4777
4853 4902
4854 4847
4855 4927
4856 4797
4857 4833
4858 4878
4859 4892
4860 4853
4861 4820
4862 4847
4863 4856
4864 4911
4865 4895
4866 4841
4867 4859
4868 4866
4869 4895
4870 4922
4871 4892
4872 4811
4873 4912
4874 4864
4875 4922
4876 4833
4877 4866
4878 4876
4879 4896
4880 4877
4881 4868
4882 4910
4883 4963
4884 4856
4885 4838
4886 4991
4887 4897
4888 4943
4889 4858
4890 4929
4891 4946
4892 4834
4893 4877
4894 4873
4895 4891
4896 4951
4897 4928
4898 4870
4899 4997
4900 4863
4901 4917
4902 4917
4903 4944
4904 4948
4905 4874
4906 4907
4907 4955
4908 4880
4909 4935
4910 4918
4911 4938
4912 4856
4913 4920
4914 4983
4915 4956
4916 4876
4917 4961
4918 4921
4919 4944
4920 4912
4921 4915
4922 4980
4923 4895
4924 4904
4925 4853
4926 4990
4927 4948
4928 4955
4929 4892
4930 4903
4931 4939
4932 4891
4933 5015
4934 4967
4935 4963
4936 4916
4937 4954
4938 5029
4939 4942
4940 4876
4941 4903
4942 4982
4943 4970
4944 4947
4945 4942
4946 4920
4947 5032
4948 5031
4949 4896
4950 4956
4951 4931
4952 5025
4953 4912
4954 4963
4955 5007
4956 4937
4957 4889
4958 4986
4959 4968
4960 5016
4961 4916
4962 4982
4963 4998
4964 4969
4965 4947
4966 4940
4967 4990
4968 4998
4969 4965
4970 5020
4971 5012
4972 4976
4973 4917
4974 5018
4975 4997
4976 4970
4977 4987
4978 5005
4979 5060
4980 4916
4981 4982
4982 4959
4983 5044
4984 5034
4985 4909
4986 4964
4987 5034
4988 4974
4989 4994
4990 4947
4991 5007
4992 5026
4993 5027
4994 4930
4995 5096
4996 4941
4997 4962
4998 5042
4999 5002
5000 5052
5001 4948
5002 5044
5003 4950
5004 4968
5005 4937
5006 5086
5007 4933
5008 5056
5009 4997
5010 5059
5011 5019
5012 4998
5013 5053
5014 4992
5015 5045
5016 4963
5017 4962
5018 4982
5019 4994
5020 5020
5021 4955
5022 5012
5023 4990
5024 5030
5025 5015
5026 4948
5027 5075
5028 4937
5029 5039
5030 5025
5031 4980
5032 5043
5033 4975
5034 5051
5035 4978
5036 4989
5037 4941
5038 5057
5039 5033
5040 5017
5041 4978
5042 5065
5043 5026
5044 5015
5045 5007
5046 4984
5047 5041
5048 4913
5049 5048
5050 4975
5051 5095
5052 4906
5053 4991
5054 4971
5055 4982
5056 5088
5057 5017
5058 4964
5059 5035
5060 4985
5061 5021
5062 5001
5063 5046
5064 5058
5065 4941
5066 5023
5067 5005
5068 4948
5069 5009
5070 4969
5071 4985
5072 5055
5073 5026
5074 4998
5075 5064
5076 4916
5077 5012
5078 5059
5079 5013
5080 5034
5081 4983
5082 5034
5083 4977
5084 4942
5085 4986
5086 5012
5087 4972
5088 5052
5089 4982
5090 5011
5091 5064
5092 4890
5093 5064
5094 5004
5095 5020
5096 5047
5097 4915
5098 5080
5099 4933
5100 5030
5101 4878
5102 5062
5103 4980
5104 5068
5105 5026
5106 5013
5107 4996
5108 4956
5109 5024
5110 5006
5111 5081
5112 4999
5113 4926
5114 5061
5115 4965
5116 5014
5117 4990
5118 4922
5119 5033
5120 5038
5121 5019
5122 4994
5123 5049
5124 4913
5125 5021
5126 4997
5127 5026
5128 5027
5129 4945
5130 5063
5131 4980
5132 4934
5133 4951
5134 5070
5135 4937
5136 5080
5137 4981
5138 5070
5139 5032
5140 4961
5141 4985
5142 5055
5143 5028
5144 4969
5145 4951
5146 5032
5147 5018
5148 4948
5149 4993
5150 5011
5151 5040
5152 5001
5153 5055
5154 4975
5155 5060
5156 4958
5157 4947
5158 5034
5159 5050
5160 5009
5161 4980
5162 5053
5163 4985
5164 4928
5165 5028
5166 4984
5167 5017
5168 5006
5169 5006
5170 5067
5171 5014
5172 4922
5173 5026
5174 4981
5175 5044
5176 4994
5177 4951
5178 5023
5179 4965
5180 4982
5181 4977
5182 5087
5183 4915
5184 5071
5185 5042
5186 5058
5187 4965
5188 4928
5189 5087
5190 5008
5191 5028
5192 4982
5193 4920
5194 5054
5195 5033
5196 5003
5197 4968
5198 5028
5199 4977
5200 5034
5201 5026
5202 4975
5203 5023
5204 4948
5205 5000
5206 5031
5207 5057
5208 5008
5209 4917
5210 5080
5211 5006
5212 4936
5213 4968
5214 5029
5215 5026
5216 5030
5217 5032
5218 5036
5219 5028
5220 4953
5221 5066
5222 4957
5223 5102
5224 4936
5225 4976
5226 5112
5227 4950
5228 4980
5229 4934
5230 5016
5231 4924
5232 5048
5233 5005
5234 5066
5235 4997
5236 4982
5237 5013
5238 4929
5239 5026
5240 5052
5241 5026
5242 4996
5243 5011
5244 4970
5245 4985
5246 4982
5247 5050
5248 4953
5249 5044
5250 5013
5251 4973
5252 5006
5253 5076
5254 4977
5255 5062
5256 4989
5257 4975
5258 5049
5259 4980
5260 4955
5261 4925
5262 5053
5263 4957
5264 5062
5265 4975
5266 5064
5267 5001
5268 4977
5269 5082
5270 4926
5271 5072
5272 4985
5273 4989
5274 5076
5275 5033
5276 4931
5277 4974
5278 4980
5279 4950
5280 5065
5281 5069
5282 5001
5283 5052
5284 4917
5285 5079
5286 4938
5287 5094
5288 4995
5289 4971
5290 5020
5291 5017
5292 5009
5293 4980
5294 4998
5295 4996
5296 5040
5297 5006
5298 5018
5299 5050
5300 4920
5301 5064
5302 4926
5303 5087
5304 4977
5305 4932
5306 5159
5307 4947
5308 5015
5309 4969
5310 5005
5311 4941
5312 5025
5313 5026
5314 5057
5315 4970
5316 4956
5317 5020
5318 4953
5319 5034
5320 4966
5321 4962
5322 5121
5323 4959
5324 4976
5325 4972
5326 5020
5327 4918
5328 5108
5329 4928
5330 5070
5331 4984
5332 4982
5333 5000
5334 5011
5335 4985
5336 5045
5337 4960
5338 5076
5339 5033
5340 4960
5341 4988
5342 5019
5343 5015
5344 4981
5345 5077
5346 5026
5347 5020
5348 4927
5349 5078
5350 4961
5351 5068
5352 4937
5353 5025
5354 5020
5355 5062
5356 4905
5357 4958
5358 5052
5359 5003
5360 4987
5361 4963
5362 5019
5363 5000
5364 4968
5365 5011
5366 5034
5367 5014
5368 5023
5369 4929
5370 5098
5371 5008
5372 4928
5373 5018
5374 5032
5375 5016
5376 4996
5377 4987
5378 5003
5379 5023
5380 4959
5381 4981
5382 5030
5383 5048
5384 4987
5385 4943
5386 5057
5387 5038
5388 4908
5389 5037
5390 4982
5391 5020
5392 4973
5393 5042
5394 5027
5395 5006
5396 4935
5397 5033
5398 4917
5399 5040
5400 5023
5401 5016
5402 5074
5403 5017
5404 4908
5405 5001
5406 4921
5407 5056
5408 5031
5409 4990
5410 5018
5411 5062
5412 4973
5413 5047
5414 4943
5415 5036
5416 4959
5417 4994
5418 5028
5419 4989
5420 4926
5421 5009
5422 5036
5423 4941
5424 5074
5425 4974
5426 5031
5427 5000
5428 5004
5429 4971
5430 5044
5431 5023
5432 5024
5433 5012
5434 4972
5435 5044
5436 4880
5437 5076
5438 4981
5439 5050
5440 4979
5441 5020
5442 5008
5443 5048
5444 4982
5445 4988
5446 4983
5447 5070
5448 5003
5449 4954
5450 5081
5451 4988
5452 4981
5453 4990
5454 5001
5455 5018
5456 4989
5457 5022
5458 5100
5459 4987
5460 4955
5461 5014
5462 4959
5463 5021
5464 5024
5465 5013
5466 5040
5467 4965
5468 4991
5469 4913
5470 5055
5471 5034
5472 5051
5473 5059
5474 4975
5475 5013
5476 4960
5477 5069
5478 4944
5479 5000
5480 5020
5481 5045
5482 4960
5483 4987
5484 4948
5485 5045
5486 4990
5487 5022
5488 5031
5489 5007
5490 4988
5491 4996
5492 4980
5493 5014
5494 5020
5495 4902
5496 5059
5497 4924
5498 5098
5499 4937
5500 5013
5501 4957
5502 5090
5503 4912
5504 5107
5505 4954
5506 5126
5507 4912
5508 4967
5509 5038
5510 4981
5511 4991
5512 4997
5513 5043
5514 5033
5515 5025
5516 4944
5517 4994
5518 5083
5519 5016
5520 5051
5521 5014
5522 5048
5523 4966
5524 5038
5525 5021
5526 5087
5527 4956
5528 4969
5529 5017
5530 5046
5531 4988
5532 4961
5533 4959
5534 5082
5535 5016
5536 4979
5537 5008
5538 5054
5539 4993
5540 4989
5541 5037
5542 5021
5543 4993
5544 4989
5545 4984
5546 5047
5547 4990
5548 4918
5549 4999
5550 5016
5551 5053
5552 4985
5553 5056
5554 5035
5555 5025
5556 4924
5557 5068
5558 5005
5559 5017
5560 4990
5561 5005
5562 5058
5563 4993
5564 4998
5565 5007
5566 5009
5567 4964
5568 5017
5569 5074
5570 4993
5571 4996
5572 4911
5573 5045
5574 5018
5575 5011
5576 5062
5577 4993
5578 5057
5579 4997
5580 4935
5581 5003
5582 5035
5583 4997
5584 5029
5585 4985
5586 5061
5587 4949
5588 5042
5589 4999
5590 5016
5591 5011
5592 5005
5593 4991
5594 5071
5595 5018
5596 4901
5597 5053
5598 4974
5599 4964
5600 5044
5601 4970
5602 5045
5603 4960
5604 4957
5605 4982
5606 5048
5607 4962
5608 5106
5609 4900
5610 5123
5611 4939
5612 4967
5613 5009
5614 4980
5615 4985
5616 5015
5617 5029
5618 4970
5619 4960
5620 4944
5621 5054
5622 4949
5623 5000
5624 4986
5625 4869
5626 5069
5627 4986
5628 4945
5629 4985
5630 5067
5631 4928
5632 5112
5633 4949
5634 5080
5635 4922
5636 5023
5637 5014
5638 5046
5639 4931
5640 5080
5641 5005
5642 5011
5643 5018
5644 5004
5645 5002
5646 4969
5647 4997
5648 4993
5649 5009
5650 5026
5651 5002
5652 4996
5653 5020
5654 4980
5655 5006
5656 5044
5657 4983
5658 5075
5659 4990
5660 4914
5661 5008
5662 5065
5663 4995
5664 4990
5665 5006
5666 5051
5667 4964
5668 5025
5669 5022
5670 4993
5671 5016
5672 4981
5673 5004
5674 5061
5675 5005
5676 4895
5677 4959
5678 5022
5679 4994
5680 5003
5681 5001
5682 5034
5683 5028
5684 4995
5685 5008
5686 4995
5687 5058
5688 4988
5689 4991
5690 5155
5691 4985
5692 4969
5693 4897
5694 5051
5695 5001
5696 5072
5697 4943
5698 5132
5699 4901
5700 5027
5701 4909
5702 5054
5703 5014
5704 5080
5705 4938
5706 5060
5707 4944
5708 5125
5709 4864
5710 5112
5711 4878
5712 5049
5713 4971
5714 5057
5715 5019
5716 4977
5717 4995
5718 4996
5719 4947
5720 5081
5721 5073
5722 4971
5723 5033
5724 4967
5725 5000
5726 5008
5727 4970
5728 5066
5729 5044
5730 4966
5731 4963
5732 5038
5733 4970
5734 5027
5735 4959
5736 5039
5737 4952
5738 5104
5739 4941
5740 5014
5741 4959
5742 5062
5743 4905
5744 4983
5745 4967
5746 5057
5747 5011
5748 4980
5749 5007
5750 5046
5751 4972
5752 5022
5753 4994
5754 5024
5755 5060
5756 4958
5757 4965
5758 5012
5759 4964
5760 5074
5761 5006
5762 5079
5763 4918
5764 5049
5765 4937
5766 5054
5767 4956
5768 5026
5769 5009
5770 5015
5771 4985
5772 4906
5773 4941
5774 5048
5775 5023
5776 4981
5777 5016
5778 5085
5779 4991
5780 4993
5781 4955
5782 5005
5783 4955
5784 5029
5785 4942
5786 5075
5787 4958
5788 5016
5789 4934
5790 5099
5791 4968
5792 4987
5793 4993
5794 5134
5795 4958
5796 4981
5797 4971
5798 5060
5799 5020
5800 4984
5801 5002
5802 5054
5803 5047
5804 4894
5805 5012
5806 4994
5807 5005
5808 4981
5809 5065
5810 4982
5811 5048
5812 4940
5813 4989
5814 4969
5815 5068
5816 4910
5817 5031
5818 4997
5819 4996
5820 4896
5821 5012
5822 5006
5823 5035
5824 5027
5825 5005
5826 5113
5827 4958
5828 5008
5829 5001
5830 5022
5831 5034
5832 4974
5833 4988
5834 5039
5835 5015
5836 4950
5837 5019
5838 4943
5839 4938
5840 5071
5841 4973
5842 5033
5843 5005
5844 4955
5845 4968
5846 5057
5847 4975
5848 4985
5849 4974
5850 5020
5851 5008
5852 4929
5853 4935
5854 5002
5855 5024
5856 5023
5857 5039
5858 5036
5859 4991
5860 5047
5861 4921
5862 5081
5863 4927
5864 5104
5865 4953
5866 5100
5867 4954
5868 4975
5869 4972
5870 4992
5871 5017
5872 5021
5873 4966
5874 5038
5875 5006
5876 4958
5877 4971
5878 5059
5879 4987
5880 5077
5881 4897
5882 5165
5883 4958
5884 5017
5885 4884
5886 5052
5887 4959
5888 5011
5889 4994
5890 5110
5891 5020
5892 4931
5893 4978
5894 4994
5895 5038
5896 5009
5897 5016
5898 4978
5899 5094
5900 4861
5901 5013
5902 5011
5903 5001
5904 5056
5905 5037
5906 4960
5907 5041
5908 4888
5909 5036
5910 4967
5911 5010
5912 5055
5913 4987
5914 5025
5915 4994
5916 4949
5917 5028
5918 5031
5919 4965
5920 5059
5921 4953
5922 5060
5923 4958
5924 5029
5925 4988
5926 5025
5927 4909
5928 5106
5929 4963
5930 5073
5931 4991
5932 4877
5933 5022
5934 5078
5935 4960
5936 4950
5937 5041
5938 5025
5939 5043
5940 4939
5941 5059
5942 4958
5943 4999
5944 5011
5945 5018
5946 5066
5947 5030
5948 4900
5949 5014
5950 4989
5951 5014
5952 4960
5953 5053
5954 5007
5955 5027
5956 4952
5957 5004
5958 4984
5959 4997
5960 5078
5961 4973
5962 5078
5963 4990
5964 4986
5965 5015
5966 5017
5967 4981
5968 5001
5969 5029
5970 4992
5971 5012
5972 4990
5973 5019
5974 5078
5975 4915
5976 5017
5977 4989
5978 5101
5979 4959
5980 5006
5981 4960
5982 5074
5983 5016
5984 4977
5985 5023
5986 5021
5987 4990
5988 4984
5989 4992
5990 5019
5991 4975
5992 5049
5993 4967
5994 5020
5995 4989
5996 4954
5997 4932
5998 5038
5999 4943
6000 5088
6001 4978
6002 5045
6003 4939
6004 5027
6005 4973
6006 5055
6007 5036
6008 5004
6009 4937
6010 5060
6011 4982
6012 4911
6013 4939
6014 5035
6015 5021
6016 4959
6017 5014
6018 5051
6019 4994
6020 4933
6021 5031
6022 5025
6023 5087
6024 5003
6025 4983
6026 5053
6027 4953
6028 5014
6029 4910
6030 5048
6031 5019
6032 4967
6033 4966
6034 5077
6035 4991
6036 4944
6037 4942
6038 5016
6039 5042
6040 5026
6041 4939
6042 5081
6043 5002
6044 4939
6045 5022
6046 5021
6047 5040
6048 4960
6049 4984
6050 5093
6051 4949
6052 4938
6053 5007
6054 4944
6055 5024
6056 5038
6057 4983
6058 5055
6059 4930
6060 4944
6061 4979
6062 5090
6063 4908
6064 5011
6065 5014
6066 5040
6067 5010
6068 4965
6069 5011
6070 4974
6071 4977
6072 5087
6073 4956
6074 5045
6075 4974
6076 4961
6077 5017
6078 5084
6079 4873
6080 5104
6081 4937
6082 5061
6083 4959
6084 4920
6085 5010
6086 5015
6087 4955
6088 5088
6089 4994
6090 5019
6091 5006
6092 4867
6093 5003
6094 5047
6095 4993
6096 5071
6097 4952
6098 5035
6099 5022
6100 4991
6101 5004
6102 5018
6103 4995
6104 5121
6105 4931
6106 5029
6107 4980
6108 5028
6109 4998
6110 5100
6111 4839
6112 5164
6113 4873
6114 5056
6115 4999
6116 4930
6117 5007
6118 4981
6119 5014
6120 5017
6121 5052
6122 4954
6123 5052
6124 4913
6125 4989
6126 5041
6127 4940
6128 5044
6129 5021
6130 5081
6131 5021
6132 4957
6133 4968
6134 5014
6135 5019
6136 5009
6137 5042
6138 4951
6139 4996
6140 4966
6141 5058
6142 5049
6143 4969
6144 5008
6145 4911
6146 5076
6147 4964
6148 4974
6149 5008
6150 4984
6151 4995
6152 5074
6153 4982
6154 5064
6155 4962
6156 4979
6157 4911
6158 5097
6159 4957
6160 5047
6161 4908
6162 5047
6163 4979
6164 4995
6165 4952
6166 5013
6167 5038
6168 5100
6169 4911
6170 5050
6171 4932
6172 4989
6173 4937
6174 5075
6175 4935
6176 5039
6177 4957
6178 5044
6179 4999
6180 4997
6181 5051
6182 4977
6183 4955
6184 4981
6185 5105
6186 5000
6187 5046
6188 4842
6189 5018
6190 5071
6191 4965
6192 5064
6193 4957
6194 5056
6195 5001
6196 4949
6197 5008
6198 5057
6199 4948
6200 5076
6201 4946
6202 5109
6203 5015
6204 4866
6205 5108
6206 4947
6207 5017
6208 4994
6209 5053
6210 5002
6211 4978
6212 4912
6213 5036
6214 4941
6215 5039
6216 4947
6217 5087
6218 5034
6219 5038
6220 4915
6221 5004
6222 4997
6223 5021
6224 4980
6225 5031
6226 5044
6227 4979
6228 4945
6229 5071
6230 5002
6231 4976
6232 5066
6233 4968
6234 5112
6235 4939
6236 5009
6237 4939
6238 5128
6239 4920
6240 4993
6241 5052
6242 4990
6243 5033
6244 4971
6245 5051
6246 4921
6247 5016
6248 5018
6249 5015
6250 4995
6251 5066
6252 4911
6253 5006
6254 5016
6255 4975
6256 5030
6257 5020
6258 4990
6259 4929
6260 4985
6261 5033
6262 5022
6263 4945
6264 4996
6265 5053
6266 4951
6267 5001
6268 4919
6269 5000
6270 5108
6271 4938
6272 5068
6273 4884
6274 5080
6275 4962
6276 5007
6277 4999
6278 4993
6279 4993
6280 5012
6281 5020
6282 4991
6283 4983
6284 5007
6285 4900
6286 5048
6287 4977
6288 5017
6289 4988
6290 5091
6291 4964
6292 5021
6293 4993
6294 4986
6295 5039
6296 5070
6297 4957
6298 4952
6299 4974
6300 4981
6301 4974
6302 5062
6303 4989
6304 5033
6305 5008
6306 5090
6307 4889
6308 5053
6309 4992
6310 5007
6311 4974
6312 5061
6313 4998
6314 5049
6315 4995
6316 4976
6317 4944
6318 5014
6319 5036
6320 5082
6321 4984
6322 5029
6323 5000
6324 5026
6325 4917
6326 5046
6327 5050
6328 4984
6329 5001
6330 5011
6331 4964
6332 4972
6333 4985
6334 4948
6335 5082
6336 5044
6337 4946
6338 5053
6339 5020
6340 4920
6341 5046
6342 4953
6343 5028
6344 5029
6345 4946
6346 5089
6347 4955
6348 5017
6349 4931
6350 5042
6351 5061
6352 5005
6353 4992
6354 5041
6355 5021
6356 4976
6357 4980
6358 5000
6359 4950
6360 5087
6361 4967
6362 5029
6363 4978
6364 4978
6365 4997
6366 5032
6367 4985
6368 5027
6369 5004
6370 5052
6371 4945
6372 4976
6373 5068
6374 4952
6375 4967
6376 4959
6377 5021
6378 5014
6379 4952
6380 5053
6381 4887
6382 5095
6383 4893
6384 5100
6385 4873
6386 5160
6387 4817
6388 5074
6389 4923
6390 4995
6391 4913
6392 5057
6393 4956
6394 5113
6395 4925
6396 4976
6397 5023
6398 5010
6399 4994
6400 5046
6401 5017
6402 5014
6403 5036
6404 4999
6405 4923
6406 5021
6407 4962
6408 5039
6409 5012
6410 5053
6411 4919
6412 5062
6413 4938
6414 5080
6415 4971
6416 4980
6417 5026
6418 5051
6419 4945
6420 4964
6421 4955
6422 5015
6423 4987
6424 5013
6425 5060
6426 4973
6427 4991
6428 4935
6429 5011
6430 5077
6431 4951
6432 5115
6433 4950
6434 5008
6435 5015
6436 4983
6437 4929
6438 4957
6439 4976
6440 5045
6441 4991
6442 4975
6443 5044
6444 4969
6445 5002
6446 4993
6447 4998
6448 4986
6449 4952
6450 5091
6451 4925
6452 5046
6453 4935
6454 5016
6455 4974
6456 5112
6457 4907
6458 5068
6459 4963
6460 5018
6461 4950
6462 5043
6463 4931
6464 5054
6465 4921
6466 5074
6467 4970
6468 4999
6469 4962
6470 4989
6471 4926
6472 5104
6473 4921
6474 5110
6475 5007
6476 4953
6477 4964
6478 5052
6479 5019
6480 5033
6481 4979
6482 5011
6483 4970
6484 5028
6485 4926
6486 5020
6487 4931
6488 5105
6489 4940
6490 5019
6491 5007
6492 4994
6493 5009
6494 5003
6495 4972
6496 5051
6497 4947
6498 5100
6499 4936
6500 5010
6501 4956
6502 4989
6503 4961
6504 5013
6505 5031
6506 4988
6507 4964
6508 5055
6509 4902
6510 5114
6511 4950
6512 5107
6513 4991
6514 5037
6515 4909
6516 5039
6517 4935
6518 5061
6519 4917
6520 5017
6521 5034
6522 5067
6523 4981
6524 5011
6525 4904
6526 5112
6527 4938
6528 5050
6529 4886
6530 5057
6531 4991
6532 4978
6533 5009
6534 4999
6535 4977
6536 4947
6537 4993
6538 5102
6539 4964
6540 5038
6541 4954
6542 5099
6543 4956
6544 5019
6545 4981
6546 5023
6547 4983
6548 4964
6549 4983
6550 5055
6551 4894
6552 5090
6553 4959
6554 5087
6555 4920
6556 5054
6557 4920
6558 5036
6559 4953
6560 5045
6561 5025
6562 5016
6563 5029
6564 5091
6565 4926
6566 5052
6567 4903
6568 5133
6569 4906
6570 5086
6571 4969
6572 5055
6573 4958
6574 5126
6575 4909
6576 5044
6577 4882
6578 5084
6579 4974
6580 4988
6581 5053
6582 4960
6583 4982
6584 4993
6585 5008
6586 5080
6587 4972
6588 5018
6589 4916
6590 5112
6591 4907
6592 5052
6593 4907
6594 5020
6595 4956
6596 4954
6597 5043
6598 4950
6599 4981
6600 5049
6601 4912
6602 5058
6603 5039
6604 4939
6605 5019
6606 5020
6607 5027
6608 4987
6609 5045
6610 5073
6611 4872
6612 4992
6613 4996
6614 5053
6615 4968
6616 5038
6617 4969
6618 5018
6619 5037
6620 5007
6621 4960
6622 5067
6623 5016
6624 5022
6625 4950
6626 5064
6627 4946
6628 5058
6629 4888
6630 4981
6631 4995
6632 5092
6633 4945
6634 5021
6635 5014
6636 4960
6637 4972
6638 5064
6639 5002
6640 5090
6641 4872
6642 5001
6643 4990
6644 5083
6645 4987
6646 5039
6647 4917
6648 5050
6649 4954
6650 5088
6651 4956
6652 5033
6653 4960
6654 5008
6655 5000
6656 5050
6657 4979
6658 4992
6659 5041
6660 4975
6661 4974
6662 5018
6663 4964
6664 5080
6665 4960
6666 5022
6667 5042
6668 4976
6669 4962
6670 5021
6671 5031
6672 5061
6673 4979
6674 5034
6675 5003
6676 4986
6677 4996
6678 4988
6679 5007
6680 5018
6681 4975
6682 5049
6683 4986
6684 4987
6685 4903
6686 5067
6687 4950
6688 5030
6689 4956
6690 5053
6691 4965
6692 5053
6693 4969
6694 5017
6695 4926
6696 5068
6697 4950
6698 5046
6699 4958
6700 4987
6701 5053
6702 5039
6703 5042
6704 5043
6705 4931
6706 5022
6707 5050
6708 5008
6709 4932
6710 5094
6711 4907
6712 5127
6713 4942
6714 5024
6715 4970
6716 4988
6717 4967
6718 5107
6719 4900
6720 5070
6721 4980
6722 5052
6723 4987
6724 4913
6725 5032
6726 4990
6727 4982
6728 5050
6729 5066
6730 4947
6731 4993
6732 4999
6733 5034
6734 5002
6735 5002
6736 4980
6737 4985
6738 5037
6739 4984
6740 4933
6741 4996
6742 5029
6743 4937
6744 5078
6745 5080
6746 5008
6747 5005
6748 4983
6749 4973
6750 5030
6751 5047
6752 4970
6753 5036
6754 5001
6755 4980
6756 4988
6757 4977
6758 4960
6759 4987
6760 5082
6761 4966
6762 4963
6763 4976
6764 5025
6765 5009
6766 4989
6767 4941
6768 5024
6769 4930
6770 5077
6771 4911
6772 5030
6773 5004
6774 4995
6775 4937
6776 5109
6777 4993
6778 4993
6779 4960
6780 4999
6781 4998
6782 5022
6783 4965
6784 5099
6785 4913
6786 5008
6787 4967
6788 4979
6789 5054
6790 4912
6791 5017
6792 5034
6793 5061
6794 4990
6795 5064
6796 5008
6797 5014
6798 4931
6799 5073
6800 4964
6801 4963
6802 5036
6803 4964
6804 5058
6805 4910
6806 5037
6807 4939
6808 5116
6809 4935
6810 5065
6811 4926
6812 4971
6813 4977
6814 5059
6815 4986
6816 5069
6817 4977
6818 4984
6819 4949
6820 5034
6821 4934
6822 5096
6823 4945
6824 5013
6825 4988
6826 4998
6827 5010
6828 5057
6829 4873
6830 5078
6831 4950
6832 5003
6833 4926
6834 5057
6835 4970
6836 4993
6837 5043
6838 4992
6839 4967
6840 5022
6841 4965
6842 5057
6843 4979
6844 5036
6845 5008
6846 4980
6847 4980
6848 5035
6849 5015
6850 4874
6851 5056
6852 4994
6853 5003
6854 4972
6855 4972
6856 5080
6857 4954
6858 5020
6859 4992
6860 4984
6861 5014
6862 5060
6863 5016
6864 4965
6865 4944
6866 5040
6867 4989
6868 4979
6869 5018
6870 4946
6871 5020
6872 4997
6873 5003
6874 5022
6875 4977
6876 5013
6877 5000
6878 4984
6879 4998
6880 5031
6881 4953
6882 4970
6883 4994
6884 5087
6885 4980
6886 4995
6887 4952
6888 5083
6889 4892
6890 5057
6891 4936
6892 5094
6893 4995
6894 4939
6895 5031
6896 5039
6897 5049
6898 4864
6899 5035
6900 4967
6901 5027
6902 4975
6903 4910
6904 5096
6905 4961
6906 5072
6907 4965
6908 4989
6909 4927
6910 5030
6911 4973
6912 4964
6913 4955
6914 5056
6915 5000
6916 4970
6917 5096
6918 4928
6919 4997
6920 4952
6921 5006
6922 4979
6923 5047
6924 4949
6925 5021
6926 5026
6927 5059
6928 4895
6929 5008
6930 4990
6931 5021
6932 4995
6933 4968
6934 5079
6935 4866
6936 5044
6937 4952
6938 5062
6939 4921
6940 5052
6941 4969
6942 5104
6943 4955
6944 5009
6945 4945
6946 4978
6947 4987
6948 5033
6949 5005
6950 5009
6951 4953
6952 5052
6953 4989
6954 5091
6955 5058
6956 4967
6957 5026
6958 4963
6959 5033
6960 4947
6961 5047
6962 4985
6963 4986
6964 4953
6965 5042
6966 5002
6967 4935
6968 5111
6969 4943
6970 5067
6971 4900
6972 5031
6973 5006
6974 4998
6975 4996
6976 5045
6977 4936
6978 5014
6979 4941
6980 5077
6981 4913
6982 5032
6983 4974
6984 5046
6985 4969
6986 5013
6987 5024
6988 4948
6989 5032
6990 4980
6991 5039
6992 4919
6993 5026
6994 4979
6995 4965
6996 4996
6997 5044
6998 4961
6999 5030
7000 5021
7001 4888
7002 5047
7003 4929
7004 5050
7005 4974
7006 4988
7007 5002
7008 5069
7009 4936
7010 5037
7011 4964
7012 4994
7013 4991
7014 5016
7015 4919
7016 5064
7017 4955
7018 4945
7019 5001
7020 4943
7021 5099
7022 5027
7023 5060
7024 4969
7025 4960
7026 5040
7027 4952
7028 5038
7029 5017
7030 5003
7031 4949
7032 5055
7033 4900
7034 5036
7035 4997
7036 4971
7037 5011
7038 5013
7039 5060
7040 4913
7041 5010
7042 4922
7043 5065
7044 4971
7045 5038
7046 4991
7047 4949
7048 5073
7049 4948
7050 5042
7051 4984
7052 5020
7053 4934
7054 4968
7055 5021
7056 5041
7057 5048
7058 4972
7059 4970
7060 4982
7061 5035
7062 4959
7063 4942
7064 5067
7065 4977
7066 5086
7067 4919
7068 5125
7069 4914
7070 5073
7071 4995
7072 5061
7073 4953
7074 5000
7075 5005
7076 5021
7077 4937
7078 5010
7079 5017
7080 5053
7081 4940
7082 5038
7083 4930
7084 4987
7085 4959
7086 4982
7087 5041
7088 5026
7089 5042
7090 4959
7091 5063
7092 4925
7093 5095
7094 4947
7095 5019
7096 5074
7097 4964
7098 5021
7099 4962
7100 4968
7101 5024
7102 4964
7103 5135
7104 4929
7105 4975
7106 4947
7107 4973
7108 5042
7109 5068
7110 4964
7111 4977
7112 4985
7113 4942
7114 5074
7115 4918
7116 4971
7117 4980
7118 4933
7119 5055
7120 5021
7121 5006
7122 4988
7123 5036
7124 4920
7125 5027
7126 4947
7127 5047
7128 4942
7129 5108
7130 4937
7131 4991
7132 5001
7133 5006
7134 5002
7135 5019
7136 5058
7137 4971
7138 5009
7139 4917
7140 5028
7141 5022
7142 5067
7143 5018
7144 4956
7145 4992
7146 5008
7147 5021
7148 5053
7149 5002
7150 5065
7151 4983
7152 5005
7153 4987
7154 4991
7155 5032
7156 5066
7157 5012
7158 4972
7159 5013
7160 5046
7161 4936
7162 5008
7163 5054
7164 4982
7165 5003
7166 4995
7167 5068
7168 4971
7169 4978
7170 4957
7171 4971
7172 4975
7173 5072
7174 5028
7175 4958
7176 5059
7177 4954
7178 5031
7179 4908
7180 5040
7181 5056
7182 4945
7183 5089
7184 4880
7185 5115
7186 4973
7187 4992
7188 4970
7189 5038
7190 4966
7191 5025
7192 5017
7193 5035
7194 4992
7195 4991
7196 4955
7197 4985
7198 5039
7199 5027
7200 4943
7201 5030
7202 4980
7203 4981
7204 4996
7205 4941
7206 5035
7207 4938
7208 5043
7209 4993
7210 5051
7211 5026
7212 5076
7213 4991
7214 4974
7215 5035
7216 4957
7217 5018
7218 4994
7219 5024
7220 4970
7221 5093
7222 4987
7223 5019
7224 5043
7225 5008
7226 4991
7227 5000
7228 4933
7229 5020
7230 4998
7231 5014
7232 4991
7233 5009
7234 5000
7235 4949
7236 5021
7237 4933
7238 5006
7239 4974
7240 5001
7241 5008
7242 5037
7243 4944
7244 5087
7245 4957
7246 5010
7247 4989
7248 4978
7249 4996
7250 5057
7251 4927
7252 5035
7253 5020
7254 4953
7255 4987
7256 5002
7257 4950
7258 5057
7259 4915
7260 5123
7261 4885
7262 5068
7263 4905
7264 5029
7265 5004
7266 4945
7267 5037
7268 4973
7269 5041
7270 4975
7271 5021
7272 5014
7273 4931
7274 4995
7275 5030
7276 5031
7277 4933
7278 4917
7279 5083
7280 5024
7281 5060
7282 4934
7283 5044
7284 4980
7285 5030
7286 5010
7287 5001
7288 4993
7289 5005
7290 4952
7291 5038
7292 5022
7293 5025
7294 4919
7295 5169
7296 4827
7297 5067
7298 4918
7299 5051
7300 4963
7301 5032
7302 4916
7303 5009
7304 5023
7305 5018
7306 5029
7307 5023
7308 4953
7309 5043
7310 4998
7311 5025
7312 4984
7313 4994
7314 5034
7315 5001
7316 5017
7317 4970
7318 5089
7319 4970
7320 4989
7321 5005
7322 4937
7323 5066
7324 4970
7325 5033
7326 4953
7327 5073
7328 4953
7329 5070
7330 4988
7331 5060
7332 5042
7333 4958
7334 5087
7335 5006
7336 4936
7337 5002
7338 5027
7339 5031
7340 4957
7341 5025
7342 4966
7343 5069
7344 4975
7345 5058
7346 4918
7347 5105
7348 4987
7349 4984
7350 5024
7351 4969
7352 5091
7353 4995
7354 5021
7355 4929
7356 5041
7357 5026
7358 4980
7359 5074
7360 4889
7361 5009
7362 4995
7363 5033
7364 5050
7365 5004
7366 4969
7367 5027
7368 5042
7369 4926
7370 5033
7371 4997
7372 4972
7373 4994
7374 5011
7375 4989
7376 4981
7377 4923
7378 5073
7379 4995
7380 5030
7381 4993
7382 5020
7383 4996
7384 4991
7385 5047
7386 4955
7387 5012
7388 4980
7389 5078
7390 4975
7391 5026
7392 4955
7393 5008
7394 5039
7395 4984
7396 5005
7397 5059
7398 4962
7399 5065
7400 4941
7401 4967
7402 5064
7403 5037
7404 4967
7405 5025
7406 4957
7407 5034
7408 4901
7409 5045
7410 4956
7411 5085
7412 5004
7413 5087
7414 4888
7415 4972
7416 4979
7417 5052
7418 4934
7419 5012
7420 4991
7421 4997
7422 4992
7423 5034
7424 5015
7425 5086
7426 4936
7427 5056
7428 5013
7429 5055
7430 5023
7431 5038
7432 4951
7433 5000
7434 4929
7435 5040
7436 4966
7437 5081
7438 5043
7439 5017
7440 4932
7441 5007
7442 5030
7443 4956
7444 4998
7445 5009
7446 5044
7447 5090
7448 4918
7449 4981
7450 4940
7451 5084
7452 5031
7453 4898
7454 5019
7455 5018
7456 4997
7457 5044
7458 4929
7459 5070
7460 5010
7461 5109
7462 4968
7463 5009
7464 4958
7465 5050
7466 5048
7467 5026
7468 4948
7469 5051
7470 4959
7471 5094
7472 4928
7473 5124
7474 4887
7475 5067
7476 4956
7477 5179
7478 4805
7479 5117
7480 4991
7481 5106
7482 4988
7483 5014
7484 5014
7485 4991
7486 4949
7487 5132
7488 4980
7489 5004
7490 4891
7491 5053
7492 5027
7493 5034
7494 5071
7495 4986
7496 4954
7497 5020
7498 5027
7499 5027
7500 5026
7501 4983
7502 4996
7503 5059
7504 4899
7505 5074
7506 4940
7507 5113
7508 5020
7509 4924
7510 5036
7511 5023
7512 4972
7513 4930
7514 5045
7515 5009
7516 5014
7517 5030
7518 4888
7519 5133
7520 4932
7521 5004
7522 4942
7523 5006
7524 4983
7525 4981
7526 5083
7527 4975
7528 5025
7529 4920
7530 5051
7531 4943
7532 5002
7533 5069
7534 4981
7535 5077
7536 4850
7537 5132
7538 4960
7539 5147
7540 5005
7541 4858
7542 5068
7543 4987
7544 5044
7545 4942
7546 5059
7547 4971
7548 5019
7549 4964
7550 4992
7551 5037
7552 4991
7553 4985
7554 5011
7555 5032
7556 4977
7557 4943
7558 5010
7559 5009
7560 5009
7561 5020
7562 4958
7563 5047
7564 4980
7565 5010
7566 4959
7567 5078
7568 4994
7569 5024
7570 5007
7571 5008
7572 5091
7573 4957
7574 5003
7575 5090
7576 4998
7577 4969
7578 4999
7579 5046
7580 4983
7581 4949
7582 4998
7583 4998
7584 4975
7585 4981
7586 5013
7587 5044
7588 4996
7589 4987
7590 5025
7591 4959
7592 5048
7593 4962
7594 5031
7595 4973
7596 4996
7597 5094
7598 4977
7599 5009
7600 5015
7601 4980
7602 5056
7603 5003
7604 5022
7605 4963
7606 4990
7607 4971
7608 5040
7609 4926
7610 5012
7611 4982
7612 5030
7613 5034
7614 5016
7615 5037
7616 4998
7617 5023
7618 5019
7619 5028
7620 4932
7621 5060
7622 5013
7623 5055
7624 4886
7625 5071
7626 4973
7627 5028
7628 4995
7629 5115
7630 4928
7631 5082
7632 4937
7633 5068
7634 5042
7635 5025
7636 4989
7637 4953
7638 5018
7639 5043
7640 4996
7641 4969
7642 5030
7643 4970
7644 5021
7645 4978
7646 5099
7647 4976
7648 4962
7649 4990
7650 5012
7651 4939
7652 5046
7653 4994
7654 4906
7655 5061
7656 5006
7657 5017
7658 5050
7659 4908
7660 5087
7661 5000
7662 5019
7663 4993
7664 5000
7665 4941
7666 4988
7667 5065
7668 4937
7669 5060
7670 5000
7671 4976
7672 5020
7673 4949
7674 5057
7675 5000
7676 5029
7677 5013
7678 4958
7679 4988
7680 4983
7681 4964
7682 5024
7683 5098
7684 5041
7685 4942
7686 4986
7687 4965
7688 5051
7689 5004
7690 5097
7691 4962
7692 4965
7693 5008
7694 4938
7695 5056
7696 4959
7697 4998
7698 4948
7699 5075
7700 4962
7701 5048
7702 4963
7703 5061
7704 4972
7705 4944
7706 4965
7707 5076
7708 4983
7709 5034
7710 5047
7711 5116
7712 4870
7713 5030
7714 4971
7715 5004
7716 5118
7717 4940
7718 5029
7719 5012
7720 4908
7721 5032
7722 4998
7723 5044
7724 5002
7725 4969
7726 5030
7727 5018
7728 4984
7729 4911
7730 5040
7731 4931
7732 5096
7733 4976
7734 5016
7735 4919
7736 5051
7737 5004
7738 4951
7739 5069
7740 4985
7741 4995
7742 4997
7743 5031
7744 5019
7745 4955
7746 5039
7747 4950
7748 5055
7749 5021
7750 4973
7751 5011
7752 4986
7753 4884
7754 5091
7755 4900
7756 5057
7757 4969
7758 5048
7759 4961
7760 5012
7761 4883
7762 5115
7763 4994
7764 5046
7765 4946
7766 4996
7767 4963
7768 4981
7769 5027
7770 4992
7771 5009
7772 4924
7773 5006
7774 5016
7775 5026
7776 4956
7777 5015
7778 4973
7779 5015
7780 5049
7781 4972
7782 4974
7783 5009
7784 5014
7785 5008
7786 4999
7787 4979
7788 4976
7789 5030
7790 5022
7791 4993
7792 4990
7793 4914
7794 5038
7795 4965
7796 5043
7797 4928
7798 5104
7799 4964
7800 5003
7801 5005
7802 5116
7803 4983
7804 5036
7805 4996
7806 5011
7807 4993
7808 5003
7809 4916
7810 5090
7811 5003
7812 4989
7813 4997
7814 5067
7815 5041
7816 4938
7817 5050
7818 4986
7819 5008
7820 4948
7821 5050
7822 5063
7823 5005
7824 4977
7825 4958
7826 4974
7827 5114
7828 4950
7829 5050
7830 4971
7831 5038
7832 4943
7833 5120
7834 4923
7835 5056
7836 4975
7837 4979
7838 5040
7839 5029
7840 4969
7841 5071
7842 4893
7843 5005
7844 5031
7845 4952
7846 5012
7847 5002
7848 5029
7849 4995
7850 4963
7851 5106
7852 5007
7853 4983
7854 4985
7855 5001
7856 4969
7857 5063
7858 5009
7859 4995
7860 4984
7861 5082
7862 4942
7863 4938
7864 5004
7865 5005
7866 5010
7867 4984
7868 4933
7869 5060
7870 4969
7871 5072
7872 4898
7873 5086
7874 5010
7875 4962
7876 5047
7877 5042
7878 4959
7879 4982
7880 5055
7881 4931
7882 5013
7883 4958
7884 5030
7885 4962
7886 4983
7887 4933
7888 4966
7889 5030
7890 5009
7891 5012
7892 5019
7893 5039
7894 5039
7895 4878
7896 5076
7897 4978
7898 4934
7899 4990
7900 4974
7901 4935
7902 5070
7903 4925
7904 4985
7905 5077
7906 4973
7907 5046
7908 4962
7909 5034
7910 5045
7911 4922
7912 5062
7913 4938
7914 5010
7915 4946
7916 5056
7917 5041
7918 4966
7919 5012
7920 5030
7921 4944
7922 5045
7923 4974
7924 4957
7925 5054
7926 4936
7927 5033
7928 4975
7929 4991
7930 5050
7931 4982
7932 5082
7933 4940
7934 5017
7935 4922
7936 5154
7937 4941
7938 5003
7939 4986
7940 5069
7941 4947
7942 4985
7943 5006
7944 5037
7945 5013
7946 4913
7947 5033
7948 4916
7949 5065
7950 4995
7951 5020
7952 5031
7953 5016
7954 4881
7955 5054
7956 4934
7957 5091
7958 4987
7959 5027
7960 5009
7961 4998
7962 4955
7963 5032
7964 5013
7965 5013
7966 4992
7967 5003
7968 5043
7969 4929
7970 5013
7971 4986
7972 5051
7973 5036
7974 5017
7975 4951
7976 5018
7977 4957
7978 5050
7979 4969
7980 5008
7981 5011
7982 4980
7983 5041
7984 4919
7985 5004
7986 5003
7987 5052
7988 4969
7989 4986
7990 5067
7991 4943
7992 5027
7993 4929
7994 5083
7995 4952
7996 5021
7997 4930
7998 4969
7999 5020
8000 4976
8001 4998
8002 5027
8003 5053
8004 4962
8005 5020
8006 4959
8007 5013
8008 5002
8009 5012
8010 4963
8011 4971
8012 5028
8013 5016
8014 4941
8015 5048
8016 4942
8017 5014
8018 5009
8019 4985
8020 5039
8021 5070
8022 4974
8023 4988
8024 4959
8025 5006
8026 5006
8027 4987
8028 4978
8029 5042
8030 5032
8031 4997
8032 5066
8033 4903
8034 5072
8035 4965
8036 5054
8037 4960
8038 4978
8039 4992
8040 4961
8041 5031
8042 4992
8043 4952
8044 5044
8045 4996
8046 5012
8047 4937
8048 5003
8049 5042
8050 5041
8051 4918
8052 5104
8053 4954
8054 5014
8055 4938
8056 5071
8057 4988
8058 5023
8059 4912
8060 5027
8061 4978
8062 5014
8063 4997
8064 5010
8065 4973
8066 4969
8067 5022
8068 5035
8069 4983
8070 5007
8071 5000
8072 4972
8073 5005
8074 5025
8075 5056
8076 4994
8077 5033
8078 4898
8079 5011
8080 4937
8081 5063
8082 4971
8083 4953
8084 4970
8085 5059
8086 4844
8087 5083
8088 4892
8089 5148
8090 4941
8091 5033
8092 4960
8093 5039
8094 4992
8095 5057
8096 4935
8097 4987
8098 4975
8099 5065
8100 4966
8101 4998
8102 5046
8103 4967
8104 4992
8105 4960
8106 5075
8107 4966
8108 5039
8109 5039
8110 4967
8111 4936
8112 5068
8113 5024
8114 5067
8115 4960
8116 4996
8117 5070
8118 4998
8119 5005
8120 4959
8121 5048
8122 4973
8123 4987
8124 5059
8125 5010
8126 5018
8127 4979
8128 4966
8129 5002
8130 5050
8131 4939
8132 5079
8133 4917
8134 5164
8135 4950
8136 4935
8137 5001
8138 4952
8139 5067
8140 5020
8141 4943
8142 5069
8143 5004
8144 4995
8145 4993
8146 4949
8147 4962
8148 5014
8149 5020
8150 4953
8151 5079
8152 4958
8153 4976
8154 4951
8155 5055
8156 4972
8157 4911
8158 4991
8159 4975
8160 5037
8161 5080
8162 4922
8163 5076
8164 4982
8165 5081
8166 4973
8167 5057
8168 4955
8169 5052
8170 4966
8171 5028
8172 4992
8173 4997
8174 5049
8175 5009
8176 5021
8177 4962
8178 5086
8179 4990
8180 4983
8181 4988
8182 5062
8183 4989
8184 5001
8185 4972
8186 5024
8187 5023
8188 4951
8189 5054
8190 4986
8191 5013
8192 4969
8193 4981
8194 5005
8195 4958
8196 5107
8197 4894
8198 5025
8199 5036
8200 4903
8201 4976
8202 5037
8203 5011
8204 4930
8205 5007
8206 5030
8207 5038
8208 4939
8209 5028
8210 4939
8211 5012
8212 4967
8213 5051
8214 5001
8215 5002
8216 4965
8217 5078
8218 5079
8219 4994
8220 4965
8221 4980
8222 5019
8223 5013
8224 5038
8225 5051
8226 5029
8227 4993
8228 5042
8229 4985
8230 5003
8231 4986
8232 5042
8233 4996
8234 4944
8235 5096
8236 4892
8237 5059
8238 4975
8239 4984
8240 4999
8241 4927
8242 5056
8243 5015
8244 5027
8245 4978
8246 5065
8247 4959
8248 4994
8249 4999
8250 5012
8251 5001
8252 5052
8253 4968
8254 5032
8255 4885
8256 5064
8257 5027
8258 4977
8259 5006
8260 5039
8261 5016
8262 4994
8263 4965
8264 5024
8265 4981
8266 4964
8267 5128
8268 4936
8269 5141
8270 4864
8271 5090
8272 4944
8273 5032
8274 4974
8275 5084
8276 4959
8277 5007
8278 5030
8279 4912
8280 5027
8281 5002
8282 4967
8283 5049
8284 4967
8285 5004
8286 4963
8287 5015
8288 5007
8289 5045
8290 4940
8291 5058
8292 4975
8293 4959
8294 4995
8295 5067
8296 4977
8297 5005
8298 4930
8299 5063
8300 4977
8301 5061
8302 4976
8303 4998
8304 4953
8305 5102
8306 5018
8307 4977
8308 4938
8309 5018
8310 5056
8311 5022
8312 4957
8313 5000
8314 4966
8315 5054
8316 4924
8317 5033
8318 4919
8319 5001
8320 4979
8321 4981
8322 5044
8323 4928
8324 5021
8325 5079
8326 5001
8327 4892
8328 5035
8329 4915
8330 5012
8331 4949
8332 5045
8333 5035
8334 5071
8335 4987
8336 5029
8337 4943
8338 5051
8339 5005
8340 5072
8341 4918
8342 5009
8343 5058
8344 4947
8345 5077
8346 4933
8347 4952
8348 5019
8349 4937
8350 5122
8351 4935
8352 5017
8353 5045
8354 5050
8355 4966
8356 5022
8357 4957
8358 5118
8359 4909
8360 5019
8361 4989
8362 5068
8363 4987
8364 4997
8365 4976
8366 4907
8367 4994
8368 5015
8369 5045
8370 5033
8371 5035
8372 4945
8373 4996
8374 5018
8375 5008
8376 4959
8377 5094
8378 4932
8379 5017
8380 5005
8381 5025
8382 5015
8383 4963
8384 5037
8385 4986
8386 5056
8387 4931
8388 5041
8389 4981
8390 5034
8391 5005
8392 5038
8393 4980
8394 5021
8395 5043
8396 4908
8397 5058
8398 4900
8399 5098
8400 4957
8401 5027
8402 4947
8403 5121
8404 5032
8405 5027
8406 5000
8407 5056
8408 4913
8409 4984
8410 5001
8411 5041
8412 5039
8413 4948
8414 5013
8415 4990
8416 4996
8417 5068
8418 4954
8419 5071
8420 4965
8421 4959
8422 5046
8423 4976
8424 5045
8425 4919
8426 5080
8427 4973
8428 5016
8429 5070
8430 4875
8431 4975
8432 5049
8433 5014
8434 5027
8435 4965
8436 5033
8437 4995
8438 5040
8439 4944
8440 5081
8441 5008
8442 4952
8443 4975
8444 4981
8445 4996
8446 5068
8447 4964
8448 5011
8449 4924
8450 5043
8451 5000
8452 5010
8453 4999
8454 4970
8455 4974
8456 5051
8457 5034
8458 5042
8459 4948
8460 5090
8461 4895
8462 5037
8463 4976
8464 5058
8465 4987
8466 4994
8467 4964
8468 5035
8469 4897
8470 4987
8471 5013
8472 5041
8473 4945
8474 5046
8475 4990
8476 5053
8477 4893
8478 5016
8479 5040
8480 5061
8481 4925
8482 4968
8483 4967
8484 5038
8485 4948
8486 5139
8487 4970
8488 5020
8489 4969
8490 4993
8491 4965
8492 5075
8493 4916
8494 5057
8495 4985
8496 5030
8497 4905
8498 5028
8499 4884
8500 5107
8501 4921
8502 5045
8503 4990
8504 5030
8505 4955
8506 5056
8507 4996
8508 5007
8509 4947
8510 5018
8511 4992
8512 5041
8513 4986
8514 4991
8515 4976
8516 4974
8517 5042
8518 5036
8519 4933
8520 5133
8521 4965
8522 5001
8523 4912
8524 5035
8525 5002
8526 5007
8527 4912
8528 5107
8529 4947
8530 4962
8531 5058
8532 4927
8533 5094
8534 4989
8535 4956
8536 5027
8537 5003
8538 5045
8539 4943
8540 5047
8541 5025
8542 5003
8543 4961
8544 5021
8545 4957
8546 5066
8547 4926
8548 5002
8549 5043
8550 5005
8551 4959
8552 5063
8553 4908
8554 4974
8555 4961
8556 5003
8557 5028
8558 4985
8559 4941
8560 5061
8561 5066
8562 4989
8563 4975
8564 5052
8565 5022
8566 5032
8567 5001
8568 5035
8569 4924
8570 5057
8571 4950
8572 4998
8573 4970
8574 5009
8575 4982
8576 5035
8577 5025
8578 5034
8579 4942
8580 5029
8581 4928
8582 4977
8583 5015
8584 5040
8585 4958
8586 5000
8587 5036
8588 5000
8589 4992
8590 4977
8591 5021
8592 4965
8593 5033
8594 4968
8595 5059
8596 4913
8597 5048
8598 4977
8599 5029
8600 5055
8601 5013
8602 4948
8603 4937
8604 5042
8605 4946
8606 5000
8607 5001
8608 4971
8609 4974
8610 5029
8611 4950
8612 5089
8613 4966
8614 5001
8615 4950
8616 5043
8617 5005
8618 5003
8619 4927
8620 5027
8621 4988
8622 5010
8623 5054
8624 5024
8625 4918
8626 4996
8627 5023
8628 4881
8629 5006
8630 4997
8631 4992
8632 5033
8633 5064
8634 4994
8635 5000
8636 4959
8637 4980
8638 4957
8639 5090
8640 4980
8641 4971
8642 4930
8643 5005
8644 4996
8645 4953
8646 5002
8647 4959
8648 4965
8649 5057
8650 4987
8651 5108
8652 4954
8653 4966
8654 5063
8655 4880
8656 5033
8657 4909
8658 5107
8659 4977
8660 5028
8661 4904
8662 5052
8663 5051
8664 4979
8665 4956
8666 4984
8667 4973
8668 5036
8669 4963
8670 4947
8671 5016
8672 5017
8673 4994
8674 5046
8675 4960
8676 5052
8677 5052
8678 5004
8679 5041
8680 4937
8681 4961
8682 5040
8683 4965
8684 4997
8685 5034
8686 5027
8687 4948
8688 5104
8689 4914
8690 5082
8691 4947
8692 5048
8693 4930
8694 5043
8695 4911
8696 5035
8697 4984
8698 4974
8699 5005
8700 4957
8701 5055
8702 4921
8703 5008
8704 5016
8705 4977
8706 5103
8707 4889
8708 4953
8709 4956
8710 4988
8711 5004
8712 5010
8713 4983
8714 5063
8715 4918
8716 5015
8717 5045
8718 4959
8719 4991
8720 4993
8721 4989
8722 4980
8723 4945
8724 5036
8725 4987
8726 5001
8727 5021
8728 4963
8729 4969
8730 4929
8731 5018
8732 5029
8733 5053
8734 5021
8735 4954
8736 4958
8737 5005
8738 4988
8739 5012
8740 4917
8741 5043
8742 4965
8743 4983
8744 5008
8745 4991
8746 5004
8747 4988
8748 5009
8749 4963
8750 5119
8751 4926
8752 5038
8753 4993
8754 4997
8755 5047
8756 4908
8757 5096
8758 4989
8759 5053
8760 5010
8761 4932
8762 5055
8763 4983
8764 5064
8765 5007
8766 4974
8767 5009
8768 4977
8769 5020
8770 4971
8771 4920
8772 5075
8773 5019
8774 4972
8775 4982
8776 4929
8777 5004
8778 5009
8779 5032
8780 4966
8781 5085
8782 5047
8783 4959
8784 5099
8785 4991
8786 4966
8787 4945
8788 5042
8789 4986
8790 5019
8791 5010
8792 4977
8793 5046
8794 4928
8795 5068
8796 4939
8797 5034
8798 4997
8799 5025
8800 4983
8801 5012
8802 5002
8803 4996
8804 5077
8805 4922
8806 5077
8807 4971
8808 5051
8809 4965
8810 5036
8811 4934
8812 5074
8813 4911
8814 5000
8815 5070
8816 4971
8817 5039
8818 5026
8819 4985
8820 4971
8821 5082
8822 4960
8823 5007
8824 5055
8825 4962
8826 5054
8827 4985
8828 5060
8829 4950
8830 5053
8831 4998
8832 5013
8833 4991
8834 4952
8835 5062
8836 4984
8837 4992
8838 4969
8839 4999
8840 4943
8841 5041
8842 4960
8843 4992
8844 5011
8845 5076
8846 4955
8847 5015
8848 4998
8849 4964
8850 5047
8851 4975
8852 5035
8853 5000
8854 4961
8855 4956
8856 5033
8857 5022
8858 4981
8859 4992
8860 5005
8861 4983
8862 5003
8863 4925
8864 5093
8865 4886
8866 4973
8867 5034
8868 4952
8869 5036
8870 4977
8871 4929
8872 5029
8873 4975
8874 5024
8875 5093
8876 4919
8877 5056
8878 4929
8879 5053
8880 5037
8881 5007
8882 5070
8883 4895
8884 5073
8885 5019
8886 4960
8887 4994
8888 5069
8889 4935
8890 5072
8891 4980
8892 5038
8893 4957
8894 4916
8895 5079
8896 5007
8897 4991
8898 4975
8899 4997
8900 4974
8901 4980
8902 5017
8903 5041
8904 5050
8905 4972
8906 5079
8907 4944
8908 5056
8909 4982
8910 5070
8911 4966
8912 5072
8913 4975
8914 4993
8915 4968
8916 5029
8917 5023
8918 5015
8919 4892
8920 5093
8921 4931
8922 5160
8923 4858
8924 5028
8925 4983
8926 5069
8927 4970
8928 4978
8929 5120
8930 4875
8931 5070
8932 4960
8933 5035
8934 4992
8935 5068
8936 4995
8937 4974
8938 4942
8939 5073
8940 5025
8941 4969
8942 4971
8943 5069
8944 4980
8945 4979
8946 5002
8947 4920
8948 5044
8949 4965
8950 5043
8951 5043
8952 4955
8953 5044
8954 4931
8955 4996
8956 5024
8957 4978
8958 5040
8959 5010
8960 5012
8961 5069
8962 4899
8963 5067
8964 4910
8965 5063
8966 4939
8967 4987
8968 4931
8969 5010
8970 4935
8971 5057
8972 4965
8973 5022
8974 4913
8975 5001
8976 5027
8977 4956
8978 4987
8979 4941
8980 5041
8981 5011
8982 5074
8983 4975
8984 5009
8985 4947
8986 5007
8987 5043
8988 4970
8989 5060
8990 4956
8991 5024
8992 5050
8993 4996
8994 4987
8995 4945
8996 5058
8997 5066
8998 4949
8999 5064
9000 4870
9001 5039
9002 4896
9003 5082
9004 4913
9005 5025
9006 4943
9007 4985
9008 5016
9009 5064
9010 4928
9011 5064
9012 4924
9013 5042
9014 5025
9015 4986
9016 4991
9017 5079
9018 4949
9019 5064
9020 4984
9021 4996
9022 5016
9023 4972
9024 5042
9025 4970
9026 4970
9027 5075
9028 4989
9029 5071
9030 4999
9031 5036
9032 5007
9033 5018
9034 4956
9035 4991
9036 5040
9037 5013
9038 4963
9039 4942
9040 4988
9041 5016
9042 4992
9043 4997
9044 5027
9045 5054
9046 4967
9047 5051
9048 4930
9049 5028
9050 4961
9051 5063
9052 4937
9053 5042
9054 4973
9055 5087
9056 4950
9057 4933
9058 5030
9059 5020
9060 5102
9061 4910
9062 5064
9063 4915
9064 5038
9065 5007
9066 5045
9067 4909
9068 4992
9069 4917
9070 5107
9071 4944
9072 4995
9073 4979
9074 5035
9075 5020
9076 4975
9077 5028
9078 4994
9079 5020
9080 4987
9081 5040
9082 5008
9083 4957
9084 5012
9085 5016
9086 4970
9087 4899
9088 5124
9089 5039
9090 5003
9091 4918
9092 4953
9093 5058
9094 5048
9095 4999
9096 4924
9097 5005
9098 5093
9099 4995
9100 4993
9101 5036
9102 5087
9103 4900
9104 5034
9105 4980
9106 4975
9107 5007
9108 4985
9109 5063
9110 4866
9111 5020
9112 5000
9113 5052
9114 4949
9115 5101
9116 4887
9117 5052
9118 5049
9119 4964
9120 5046
9121 4887
9122 5104
9123 4966
9124 4990
9125 4945
9126 4966
9127 4978
9128 5088
9129 4950
9130 5027
9131 5010
9132 4972
9133 5007
9134 5045
9135 4953
9136 4983
9137 4994
9138 5016
9139 4986
9140 5050
9141 4970
9142 5021
9143 4996
9144 5028
9145 4924
9146 4956
9147 5001
9148 5045
9149 4989
9150 5093
9151 4944
9152 5034
9153 5080
9154 4919
9155 5154
9156 4888
9157 4974
9158 5015
9159 4978
9160 4951
9161 5038
9162 4938
9163 5051
9164 5016
9165 4988
9166 5061
9167 4932
9168 5031
9169 5025
9170 4974
9171 5023
9172 4942
9173 5067
9174 4936
9175 5001
9176 4978
9177 5083
9178 4974
9179 5015
9180 4993
9181 5045
9182 4963
9183 4996
9184 4899
9185 5096
9186 4919
9187 5058
9188 4919
9189 4992
9190 4988
9191 5050
9192 4891
9193 5067
9194 4910
9195 5042
9196 5001
9197 5002
9198 4994
9199 5029
9200 5003
9201 4982
9202 5001
9203 5060
9204 4913
9205 5055
9206 4946
9207 5064
9208 4954
9209 5021
9210 4947
9211 5039
9212 5014
9213 5069
9214 4928
9215 5002
9216 4882
9217 5007
9218 4984
9219 5111
9220 4895
9221 4915
9222 4951
9223 5042
9224 4989
9225 5143
9226 4916
9227 5005
9228 5020
9229 5021
9230 5009
9231 5010
9232 4953
9233 4984
9234 5023
9235 4977
9236 5009
9237 4967
9238 4985
9239 5047
9240 5015
9241 5040
9242 4935
9243 5064
9244 4909
9245 5024
9246 4956
9247 5047
9248 4885
9249 5090
9250 4903
9251 5072
9252 4965
9253 5010
9254 5061
9255 4973
9256 4996
9257 5043
9258 4972
9259 5077
9260 4929
9261 5068
9262 5024
9263 5030
9264 4992
9265 4948
9266 4938
9267 5024
9268 5033
9269 4983
9270 4969
9271 5028
9272 4931
9273 5080
9274 4908
9275 4973
9276 5012
9277 4954
9278 5041
9279 5007
9280 5080
9281 5000
9282 5028
9283 4958
9284 5062
9285 4989
9286 5066
9287 5030
9288 4925
9289 5076
9290 4919
9291 5109
9292 4902
9293 5079
9294 4983
9295 5060
9296 4942
9297 5059
9298 4879
9299 5015
9300 4972
9301 5093
9302 5031
9303 4983
9304 5001
9305 4951
9306 4972
9307 5073
9308 4961
9309 5013
9310 4958
9311 5013
9312 5007
9313 4985
9314 5052
9315 5004
9316 5033
9317 5007
9318 5023
9319 4950
9320 4973
9321 4995
9322 5067
9323 4894
9324 5140
9325 4826
9326 5144
9327 4934
9328 5054
9329 4977
9330 4917
9331 5144
9332 4939
9333 5010
9334 4971
9335 5084
9336 5031
9337 4896
9338 5053
9339 5064
9340 4963
9341 5051
9342 4941
9343 5014
9344 4923
9345 5000
9346 5036
9347 4993
9348 5011
9349 4935
9350 5003
9351 5021
9352 5060
9353 4917
9354 5024
9355 5003
9356 5029
9357 4955
9358 5033
9359 4970
9360 5011
9361 5007
9362 4957
9363 5028
9364 4991
9365 4942
9366 5043
9367 4922
9368 5067
9369 4927
9370 5071
9371 5028
9372 5026
9373 5008
9374 4988
9375 4968
9376 4953
9377 5044
9378 5050
9379 4838
9380 5042
9381 4977
9382 5095
9383 4980
9384 4931
9385 4996
9386 5026
9387 5012
9388 4973
9389 5038
9390 4955
9391 4978
9392 5024
9393 4996
9394 5073
9395 4987
9396 5054
9397 5029
9398 5022
9399 4946
9400 5007
9401 5009
9402 4988
9403 4992
9404 4976
9405 4985
9406 5068
9407 4887
9408 5066
9409 4967
9410 4995
9411 4951
9412 4993
9413 4914
9414 5073
9415 4976
9416 5106
9417 4897
9418 4973
9419 5029
9420 5060
9421 5022
9422 5018
9423 4986
9424 4966
9425 4992
9426 5041
9427 4996
9428 5003
9429 4946
9430 5127
9431 4930
9432 5019
9433 5025
9434 4963
9435 5034
9436 5002
9437 4967
9438 5045
9439 4993
9440 4926
9441 5009
9442 4981
9443 5095
9444 4969
9445 5043
9446 4946
9447 4952
9448 5074
9449 4919
9450 5075
9451 4894
9452 5067
9453 4955
9454 5006
9455 5018
9456 5050
9457 4903
9458 5042
9459 5039
9460 4986
9461 4967
9462 4952
9463 5150
9464 4869
9465 5128
9466 4843
9467 5038
9468 4956
9469 5071
9470 4956
9471 4995
9472 4989
9473 4991
9474 4963
9475 4984
9476 5078
9477 5012
9478 5032
9479 4968
9480 4914
9481 4984
9482 5022
9483 5069
9484 4980
9485 4963
9486 4913
9487 5015
9488 4934
9489 5024
9490 4996
9491 5037
9492 4956
9493 5014
9494 4955
9495 5019
9496 5003
9497 5051
9498 4950
9499 5050
9500 4975
9501 5060
9502 4991
9503 4948
9504 5066
9505 4909
9506 5062
9507 4910
9508 5022
9509 4959
9510 4914
9511 5025
9512 5049
9513 5013
9514 4999
9515 5042
9516 4979
9517 4955
9518 5101
9519 4935
9520 5000
9521 4978
9522 5044
9523 4984
9524 5035
9525 4964
9526 4980
9527 5032
9528 4970
9529 5051
9530 4926
9531 5087
9532 4990
9533 5015
9534 4984
9535 4974
9536 5013
9537 5069
9538 4973
9539 4989
9540 5037
9541 4897
9542 5005
9543 5036
9544 4979
9545 4988
9546 4987
9547 5000
9548 5079
9549 4979
9550 5050
9551 5033
9552 5000
9553 5018
9554 4982
9555 5037
9556 4918
9557 5045
9558 5005
9559 4951
9560 5024
9561 4980
9562 5050
9563 4966
9564 5017
9565 4967
9566 5023
9567 4992
9568 4957
9569 5087
9570 4979
9571 4925
9572 5011
9573 4983
9574 4989
9575 5064
9576 4966
9577 5061
9578 4924
9579 5067
9580 4923
9581 5015
9582 5011
9583 4941
9584 5006
9585 4998
9586 5060
9587 4975
9588 4998
9589 4963
9590 5007
9591 5062
9592 4926
9593 5088
9594 4979
9595 5083
9596 4964
9597 5038
9598 4925
9599 5045
9600 4938
9601 5022
9602 5004
9603 4969
9604 5010
9605 4966
9606 5014
9607 5040
9608 4991
9609 4977
9610 4961
9611 5043
9612 4942
9613 5089
9614 4925
9615 5082
9616 4931
9617 5002
9618 4976
9619 5054
9620 5017
9621 5030
9622 4958
9623 5003
9624 5056
9625 4965
9626 4991
9627 4935
9628 5040
9629 5043
9630 4976
9631 5035
9632 4973
9633 5004
9634 5053
9635 5065
9636 4868
9637 4997
9638 5007
9639 5005
9640 4985
9641 4981
9642 5013
9643 5004
9644 4983
9645 4997
9646 4920
9647 5039
9648 4993
9649 5020
9650 4964
9651 5015
9652 4971
9653 5025
9654 4941
9655 5015
9656 4962
9657 4966
9658 5016
9659 4997
9660 5004
9661 4999
9662 4975
9663 4993
9664 5021
9665 5051
9666 4991
9667 5009
9668 4947
9669 4973
9670 4989
9671 5095
9672 4954
9673 5037
9674 4910
9675 5065
9676 4960
9677 5063
9678 5026
9679 4945
9680 4966
9681 4971
9682 4988
9683 5089
9684 4918
9685 5005
9686 5046
9687 4974
9688 4962
9689 5002
9690 5002
9691 5051
9692 4973
9693 5031
9694 4892
9695 4991
9696 4995
9697 5020
9698 5023
9699 4890
9700 5208
9701 4904
9702 5044
9703 4891
9704 5118
9705 4975
9706 4961
9707 5029
9708 4924
9709 5079
9710 4962
9711 4983
9712 4972
9713 5024
9714 5064
9715 5030
9716 4970
9717 5016
9718 4997
9719 5029
9720 4945
9721 5071
9722 5043
9723 4994
9724 4986
9725 5077
9726 5035
9727 4980
9728 4965
9729 5071
9730 4937
9731 4984
9732 4985
9733 5065
9734 4878
9735 5008
9736 4984
9737 5049
9738 4911
9739 5026
9740 4982
9741 5076
9742 5005
9743 4966
9744 5029
9745 5109
9746 4895
9747 5023
9748 4958
9749 5028
9750 4966
9751 5001
9752 4959
9753 5074
9754 4976
9755 5066
9756 4910
9757 5087
9758 4984
9759 5012
9760 5069
9761 4986
9762 5003
9763 5044
9764 4961
9765 4989
9766 5012
9767 5018
9768 5081
9769 4988
9770 5087
9771 4939
9772 5060
9773 4981
9774 4953
9775 5034
9776 4989
9777 4943
9778 5066
9779 4975
9780 5062
9781 4915
9782 5035
9783 4973
9784 5053
9785 4970
9786 5016
9787 4977
9788 5021
9789 4948
9790 4986
9791 4995
9792 5044
9793 4961
9794 4963
9795 5049
9796 5018
9797 5006
9798 4972
9799 4950
9800 5050
9801 4961
9802 4997
9803 4994
9804 4989
9805 5038
9806 4960
9807 4964
9808 4963
9809 4972
9810 5068
9811 4952
9812 4988
9813 4994
9814 4978
9815 5082
9816 5068
9817 4932
9818 4934
9819 5079
9820 5009
9821 5032
9822 4993
9823 4958
9824 5029
9825 4965
9826 5105
9827 4897
9828 5067
9829 4926
9830 5021
9831 5015
9832 4953
9833 4997
9834 5044
9835 4972
9836 4952
9837 5032
9838 5026
9839 4969
9840 5072
9841 4936
9842 5012
9843 5051
9844 4928
9845 5080
9846 4996
9847 5053
9848 4904
9849 5075
9850 5024
9851 4992
9852 5005
9853 5017
9854 4979
9855 4971
9856 4968
9857 5104
9858 4944
9859 5016
9860 4993
9861 4994
9862 5063
9863 4966
9864 4994
9865 5060
9866 4955
9867 5014
9868 4982
9869 4940
9870 5005
9871 5009
9872 5010
9873 4994
9874 5014
9875 4953
9876 5006
9877 4942
9878 5043
9879 5050
9880 4976
9881 4971
9882 5026
9883 4929
9884 5003
9885 5065
9886 4929
9887 4987
9888 5004
9889 4991
9890 4991
9891 5021
9892 4980
9893 5003
9894 5041
9895 5018
9896 5041
9897 4984
9898 5073
9899 4988
9900 4976
9901 4970
9902 5010
9903 4965
9904 4980
9905 5020
9906 4897
9907 5116
9908 4970
9909 5052
9910 5005
9911 5023
9912 5005
9913 5002
9914 4964
9915 5012
9916 4989
9917 4966
9918 5083
9919 4865
9920 5090
9921 4952
9922 5088
9923 4903
9924 5095
9925 4927
9926 5028
9927 4893
9928 5048
9929 5012
9930 5026
9931 4936
9932 5115
9933 4988
9934 4996
9935 4997
9936 4977
9937 4987
9938 5007
9939 4978
9940 5003
9941 5047
9942 4977
9943 5035
9944 5065
9945 4956
9946 5061
9947 4901
9948 5031
9949 5022
9950 5001
9951 4973
9952 5065
9953 4908
9954 5057
9955 4998
9956 5070
9957 4959
9958 5080
9959 4943
9960 5046
9961 4954
9962 5088
9963 4969
9964 4999
9965 4939
9966 5042
9967 5010
9968 4971
9969 5026
9970 4964
9971 4987
9972 5013
9973 5028
9974 5073
9975 4979
9976 5018
9977 5012
9978 4987
9979 4912
9980 5076
9981 5026
9982 4980
9983 4991
9984 5047
9985 4905
9986 5043
9987 4937
9988 5052
9989 4999
9990 4979
9991 5014
9992 4951
9993 4966
9994 5022
9995 4931
9996 5037
9997 5047
9998 4934
9999 5051
