0 0
1 1.16379
2 1.76724
3 2.11519
4 2.41404
5 2.78956
6 3.06412
7 3.21729
8 3.43044
9 3.50957
10 3.60278
11 3.64305
12 3.70104
13 3.651
14 3.70712
15 3.76628
16 3.88342
17 3.85335
18 3.97575
19 4.06369
20 4.25986
21 4.21735
22 4.26387
23 4.3957
24 4.43571
25 4.38436
26 4.2737
27 4.26823
28 4.33516
29 4.46144
30 4.45516
31 4.58415
32 4.71992
33 4.69337
34 4.69302
35 4.71866
36 4.84491
37 4.78284
38 4.75038
39 4.82705
40 4.97312
41 4.92956
42 4.9938
43 5.21658
44 5.27663
45 5.24338
46 5.21699
47 5.29958
48 5.37252
49 5.34275
50 5.47006
51 5.52855
52 5.57192
53 5.51416
54 5.45692
55 5.52713
56 5.43998
57 5.59521
58 5.74734
59 5.80067
60 5.78516
61 5.74142
62 5.59709
63 5.61576
64 5.51982
65 5.49862
66 5.59402
67 5.60839
68 5.71661
69 5.80064
70 5.85288
71 5.88988
72 5.95359
73 5.9902
74 6.03348
75 5.99723
76 6.07854
77 6.0545
78 6.04804
79 6.01338
80 6.06649
81 5.98231
82 5.9888
83 6.02225
84 6.11934
85 6.11157
86 6.18639
87 6.24574
88 6.32102
89 6.41626
90 6.53432
91 6.54161
92 6.71812
93 6.82616
94 6.82825
95 6.91803
96 6.86596
97 6.84246
98 6.81466
99 6.93897
100 7.04388
101 7.03028
102 6.9379
103 6.98116
104 6.89329
105 7.04664
106 7.0656
107 7.14253
108 7.24752
109 7.31709
110 7.50706
111 7.56219
112 7.58719
113 7.68665
114 7.69112
115 7.77375
116 7.86715
117 7.88762
118 7.93695
119 7.93238
120 7.99561
121 7.96027
122 7.9509
123 8.1894
124 8.16182
125 8.25599
126 8.24872
127 8.3351
128 8.48586
129 8.44043
130 8.52746
131 8.60371
132 8.54672
133 8.52204
134 8.62144
135 8.63404
136 8.86549
137 8.99241
138 9.05391
139 9.17106
140 9.14577
141 9.10025
142 9.11775
143 9.06386
144 9.03691
145 8.98818
146 8.9868
147 8.93555
148 8.85277
149 8.95595
150 8.90176
151 8.89505
152 8.85683
153 8.94144
154 8.8328
155 8.71148
156 8.80857
157 8.73456
158 8.7149
159 8.66303
160 8.64566
161 8.65764
162 8.52853
163 8.57943
164 8.59023
165 8.49089
166 8.57274
167 8.57307
168 8.69735
169 8.85923
170 8.88358
171 8.76662
172 8.97009
173 8.9596
174 9.05364
175 8.85426
176 8.91897
177 8.9352
178 8.77602
179 8.78319
180 8.88899
181 8.89623
182 8.90756
183 8.92862
184 9.01741
185 9.03737
186 9.09792
187 8.99709
188 9.11462
189 9.11763
190 9.1925
191 9.16181
192 9.26437
193 9.27281
194 9.19449
195 9.11531
196 9.31203
197 9.27757
198 9.31973
199 9.39399
200 9.39738
201 9.52165
202 9.44052
203 9.50677
204 9.58603
205 9.62171
206 9.65564
207 9.65049
208 9.60786
209 9.71105
210 9.669
211 9.6291
212 9.54602
213 9.555
214 9.63396
215 9.70887
216 9.61401
217 9.57447
218 9.45058
219 9.43114
220 9.45443
221 9.30867
222 9.33154
223 9.32984
224 9.18811
225 9.04289
226 9.12124
227 9.04358
228 9.14111
229 9.21572
230 9.20882
231 9.22761
232 9.1737
233 9.23672
234 9.23067
235 9.15069
236 9.17932
237 9.09264
238 8.89114
239 8.95735
240 8.95311
241 8.89634
242 8.86395
243 8.87472
244 8.89336
245 8.70954
246 8.56224
247 8.70891
248 8.86923
249 8.84304
250 8.92095
251 9.00926
252 9.13904
253 9.06547
254 9.05137
255 8.95716
256 8.91712
257 8.89484
258 8.85329
259 8.77453
260 8.86474
261 8.89815
262 8.87984
263 8.90169
264 8.92753
265 8.78584
266 8.74713
267 8.76206
268 8.74702
269 8.82832
270 8.85695
271 8.77469
272 8.8674
273 8.84099
274 8.83657
275 8.74839
276 8.74588
277 8.69381
278 8.60003
279 8.63832
280 8.63795
281 8.64043
282 8.6894
283 8.74602
284 8.70455
285 8.67482
286 8.6588
287 8.70024
288 8.7249
289 8.81349
290 8.7852
291 8.71725
292 8.77867
293 8.81632
294 8.9087
295 8.8585
296 8.90114
297 8.82865
298 8.89808
299 8.84514
300 8.76386
301 8.76011
302 8.86297
303 8.82172
304 8.8729
305 8.80056
306 8.82246
307 8.87656
308 8.94414
309 8.91336
310 8.98345
311 8.86085
312 8.87796
313 8.78656
314 8.76097
315 8.72455
316 8.69033
317 8.69124
318 8.74525
319 8.69703
320 8.71218
321 8.76212
322 8.77909
323 8.79583
324 8.85627
325 8.814
326 8.8327
327 8.70968
328 8.72658
329 8.63907
330 8.7223
331 8.67218
332 8.77956
333 8.75519
334 8.76806
335 8.78424
336 8.81606
337 8.79365
338 8.89981
339 8.90124
340 8.87603
341 8.91943
342 8.92647
343 8.86449
344 8.87074
345 8.90062
346 8.98042
347 8.9693
348 9.01205
349 9.10772
350 9.05684
351 9.15164
352 9.2358
353 9.20679
354 9.22381
355 9.18786
356 9.15606
357 9.20291
358 9.15556
359 9.216
360 9.23112
361 9.1989
362 9.27132
363 9.14829
364 9.22811
365 9.19592
366 9.08034
367 8.93711
368 8.90376
369 8.76244
370 8.49138
371 8.56293
372 8.56656
373 8.53226
374 8.63783
375 8.70089
376 8.69883
377 8.73034
378 8.65728
379 8.58828
380 8.59837
381 8.61331
382 8.66384
383 8.61097
384 8.57858
385 8.49547
386 8.44034
387 8.42026
388 8.42986
389 8.34584
390 8.40715
391 8.2728
392 8.24944
393 8.18615
394 8.25305
395 8.17408
396 8.15561
397 8.2093
398 8.29047
399 8.42874
400 8.36554
401 8.37615
402 8.36292
403 8.20237
404 8.20359
405 8.1878
406 8.15641
407 8.24749
408 8.19766
409 8.24578
410 8.15305
411 8.09726
412 7.9458
413 7.89056
414 7.71489
415 7.56645
416 7.55771
417 7.49718
418 7.53565
419 7.49597
420 7.46901
421 7.38766
422 7.40397
423 7.53599
424 7.62038
425 7.56378
426 7.60134
427 7.68209
428 7.71077
429 7.73935
430 7.7737
431 7.83338
432 7.85477
433 7.92371
434 7.93692
435 7.91155
436 7.90263
437 7.75314
438 7.76728
439 7.71348
440 7.75015
441 7.81013
442 7.81303
443 7.91542
444 7.92199
445 7.83682
446 7.89151
447 7.79713
448 7.71466
449 7.68801
450 7.6191
451 7.59606
452 7.50442
453 7.57351
454 7.57447
455 7.43532
456 7.42561
457 7.3932
458 7.41475
459 7.5393
460 7.49454
461 7.48757
462 7.58806
463 7.56345
464 7.54784
465 7.52058
466 7.55976
467 7.56538
468 7.54656
469 7.67945
470 7.68215
471 7.74063
472 7.83053
473 7.84651
474 7.84073
475 7.78293
476 7.78809
477 7.65072
478 7.67618
479 7.58664
480 7.51659
481 7.5153
482 7.62052
483 7.58622
484 7.58698
485 7.60595
486 7.52278
487 7.40687
488 7.46449
489 7.30774
490 7.21164
491 7.02225
492 6.98329
493 7.10247
494 7.12807
495 7.03443
496 6.93664
497 6.8596
498 6.91866
499 6.96338
500 6.99588
501 6.92623
502 6.92603
503 6.92367
504 6.89032
505 6.9245
506 6.83781
507 6.83007
508 6.85832
509 6.85787
510 6.89765
511 6.9038
512 6.89174
513 6.97669
514 6.95556
515 6.88735
516 6.89315
517 6.99514
518 7.18047
519 7.14657
520 7.12138
521 7.13388
522 7.18808
523 7.14966
524 7.13038
525 7.1831
526 7.15141
527 7.19251
528 7.23564
529 7.33003
530 7.44007
531 7.42291
532 7.5251
533 7.52385
534 7.57949
535 7.58684
536 7.62881
537 7.83454
538 7.79713
539 7.8239
540 7.78013
541 7.7268
542 7.73233
543 7.64384
544 7.54917
545 7.55601
546 7.56602
547 7.58417
548 7.57085
549 7.55072
550 7.47228
551 7.47543
552 7.60778
553 7.7493
554 7.8057
555 7.87783
556 7.88415
557 7.99789
558 8.03596
559 8.09449
560 8.12741
561 8.1866
562 8.1467
563 8.1029
564 8.14555
565 8.07522
566 8.18646
567 8.29745
568 8.24504
569 8.43258
570 8.43208
571 8.23878
572 8.28899
573 8.3739
574 8.37773
575 8.36232
576 8.41167
577 8.40811
578 8.46184
579 8.3412
580 8.22504
581 8.27247
582 8.17033
583 8.13059
584 8.00195
585 8.14498
586 8.24927
587 8.28078
588 8.22725
589 8.32005
590 8.19133
591 8.08909
592 8.1469
593 8.15799
594 8.2125
595 8.21597
596 8.20371
597 8.19323
598 8.13655
599 8.27328
600 8.25464
601 8.21789
602 8.24938
603 8.21414
604 8.15414
605 8.20035
606 8.22649
607 8.35144
608 8.28015
609 8.29867
610 8.32011
611 8.18539
612 8.22633
613 8.11719
614 8.07764
615 8.00475
616 7.97553
617 7.91457
618 8.04113
619 7.89347
620 7.85431
621 7.76868
622 7.70548
623 7.74197
624 7.66568
625 7.71543
626 7.71655
627 7.69954
628 7.64974
629 7.61337
630 7.67469
631 7.58093
632 7.49232
633 7.50492
634 7.46485
635 7.44116
636 7.4283
637 7.39422
638 7.52251
639 7.31706
640 7.23127
641 7.27023
642 7.25754
643 7.22578
644 7.24409
645 7.09078
646 7.03593
647 7.00705
648 7.01143
649 7.01021
650 6.96491
651 7.06342
652 7.0798
653 7.05476
654 7.14856
655 7.14682
656 7.16818
657 7.10688
658 7.05676
659 7.07592
660 7.10707
661 7.06692
662 7.07533
663 6.99146
664 6.98816
665 6.96131
666 6.93587
667 6.88243
668 6.90113
669 7.07308
670 7.02862
671 7.04738
672 7.05547
673 7.18111
674 7.06182
675 7.0804
676 7.00715
677 6.88806
678 6.9198
679 6.89026
680 6.92094
681 7.03748
682 7.03523
683 7.13038
684 7.08712
685 7.11646
686 7.23832
687 7.22359
688 7.1451
689 7.10974
690 7.09148
691 7.09115
692 7.22184
693 7.0547
694 7.21739
695 7.34108
696 7.32196
697 7.20481
698 7.25484
699 7.1307
700 7.15999
701 7.17185
702 7.11998
703 7.20106
704 7.05195
705 7.07866
706 7.0835
707 7.11007
708 7.09922
709 7.01419
710 7.09733
711 7.20763
712 7.19612
713 7.25083
714 7.26632
715 7.24057
716 7.23771
717 7.28239
718 7.2957
719 7.34183
720 7.37092
721 7.33928
722 7.24195
723 7.14155
724 7.20286
725 7.33919
726 7.32596
727 7.31743
728 7.31428
729 7.32364
730 7.39974
731 7.53075
732 7.56756
733 7.57274
734 7.55982
735 7.57927
736 7.70806
737 7.85025
738 7.91735
739 8.07909
740 8.11235
741 8.12416
742 8.15073
743 8.09062
744 8.17465
745 8.21281
746 8.26338
747 8.22879
748 8.19428
749 8.15511
750 8.22827
751 8.28672
752 8.33141
753 8.47368
754 8.63249
755 8.70732
756 8.56684
757 8.57952
758 8.60834
759 8.62293
760 8.62512
761 8.64251
762 8.85095
763 8.76853
764 8.82999
765 8.83713
766 8.74605
767 8.8517
768 8.76825
769 8.73935
770 8.79039
771 8.61794
772 8.56036
773 8.38349
774 8.34819
775 8.40747
776 8.2861
777 8.20151
778 8.10196
779 8.12053
780 8.12303
781 8.18557
782 8.14217
783 8.09026
784 8.15757
785 8.24855
786 8.39866
787 8.42315
788 8.39943
789 8.28601
790 8.34105
791 8.43431
792 8.40471
793 8.34032
794 8.26233
795 8.16722
796 8.22979
797 8.16574
798 8.21435
799 8.40508
800 8.2966
801 8.29993
802 8.32265
803 8.45701
804 8.45856
805 8.53466
806 8.4153
807 8.49549
808 8.417
809 8.3941
810 8.36453
811 8.27439
812 8.22833
813 8.15542
814 8.04951
815 7.90657
816 7.87882
817 7.89468
818 7.80591
819 7.97053
820 8.01599
821 8.03255
822 8.13802
823 8.11804
824 8.16934
825 8.22234
826 8.21271
827 8.21665
828 8.20076
829 8.22184
830 8.13154
831 8.11847
832 8.24674
833 8.26167
834 8.21416
835 8.27392
836 8.26763
837 8.25646
838 8.29604
839 8.27747
840 8.35232
841 8.51425
842 8.68133
843 8.68695
844 8.66524
845 8.84736
846 8.84951
847 8.90146
848 9.11127
849 9.13208
850 9.14906
851 9.18274
852 9.18832
853 9.25845
854 9.32363
855 9.25786
856 9.37994
857 9.34854
858 9.33772
859 9.4046
860 9.39153
861 9.42575
862 9.5948
863 9.62202
864 9.55028
865 9.42587
866 9.35334
867 9.40082
868 9.25756
869 9.27836
870 9.33051
871 9.39612
872 9.39456
873 9.42165
874 9.32596
875 9.47686
876 9.43835
877 9.44058
878 9.45219
879 9.54145
880 9.64003
881 9.62931
882 9.61649
883 9.58277
884 9.78292
885 9.78971
886 9.76256
887 9.67577
888 9.7343
889 9.86372
890 9.80735
891 9.8213
892 9.80814
893 9.87626
894 9.84164
895 9.95765
896 9.88221
897 9.81211
898 9.86321
899 9.77802
900 9.79218
901 9.81097
902 9.82918
903 9.73412
904 9.77049
905 9.84927
906 9.74424
907 9.65968
908 9.76377
909 9.74208
910 9.73362
911 9.66234
912 9.68305
913 9.55197
914 9.54587
915 9.44739
916 9.51957
917 9.48068
918 9.58191
919 9.60037
920 9.51806
921 9.56239
922 9.53708
923 9.56199
924 9.645
925 9.454
926 9.46241
927 9.39911
928 9.32251
929 9.33801
930 9.24844
931 9.19268
932 9.09887
933 9.15171
934 9.02341
935 8.98775
936 9.04698
937 8.98481
938 9.14505
939 9.18104
940 9.14326
941 9.252
942 9.32476
943 9.15725
944 9.0749
945 9.1615
946 9.22405
947 9.12701
948 9.11139
949 9.12035
950 9.22137
951 9.14983
952 8.98384
953 8.98928
954 9.01427
955 9.02929
956 9.13533
957 9.18179
958 9.12216
959 9.03995
960 9.0452
961 9.09285
962 9.20959
963 9.20272
964 9.26254
965 9.31242
966 9.32139
967 9.3495
968 9.4191
969 9.36153
970 9.27997
971 9.17226
972 9.28241
973 9.30967
974 9.37093
975 9.21207
976 9.17112
977 9.23066
978 9.31283
979 9.36112
980 9.38044
981 9.28208
982 9.21715
983 9.19907
984 9.31565
985 9.25147
986 9.227
987 9.18164
988 9.23929
989 9.1564
990 9.23229
991 9.11853
992 9.12723
993 9.10144
994 9.13311
995 9.2266
996 9.17244
997 9.16426
998 9.14528
999 9.14989
1000 9.13411
1001 9.11565
1002 9.19723
1003 9.16489
1004 9.15043
1005 9.15047
1006 9.21717
1007 9.24877
1008 9.34299
1009 9.27604
1010 9.25659
1011 9.1703
1012 9.15985
1013 9.06276
1014 9.05517
1015 9.01598
1016 8.99839
1017 9.10891
1018 9.02268
1019 9.04539
1020 8.9965
1021 9.1055
1022 9.08968
1023 9.12271
1024 9.23805
1025 9.34797
1026 9.1697
1027 9.19285
1028 9.20017
1029 9.25392
1030 9.26252
1031 9.22959
1032 9.28056
1033 9.38456
1034 9.43249
1035 9.48216
1036 9.58677
1037 9.55106
1038 9.51205
1039 9.57326
1040 9.47734
1041 9.50492
1042 9.55419
1043 9.63294
1044 9.59867
1045 9.5871
1046 9.52353
1047 9.54203
1048 9.51202
1049 9.4918
1050 9.46302
1051 9.45577
1052 9.42423
1053 9.45849
1054 9.42236
1055 9.41015
1056 9.4715
1057 9.59225
1058 9.63683
1059 9.5841
1060 9.52309
1061 9.60885
1062 9.59324
1063 9.52986
1064 9.52326
1065 9.4687
1066 9.43692
1067 9.41198
1068 9.34768
1069 9.35967
1070 9.26953
1071 9.25122
1072 9.3846
1073 9.36354
1074 9.29975
1075 9.35691
1076 9.38994
1077 9.39416
1078 9.39794
1079 9.48023
1080 9.31192
1081 9.49831
1082 9.59251
1083 9.65142
1084 9.76369
1085 9.7686
1086 9.67489
1087 9.74006
1088 9.81759
1089 9.92193
1090 9.91123
1091 9.88204
1092 9.88261
1093 9.74032
1094 9.74554
1095 9.73568
1096 9.76176
1097 9.82906
1098 9.94057
1099 9.90295
1100 9.98175
1101 10.0033
1102 10.1307
1103 10.1694
1104 10.0398
1105 10.1995
1106 10.2461
1107 10.2218
1108 10.2147
1109 10.1397
1110 10.1025
1111 10.2113
1112 10.1141
1113 10.2057
1114 10.2313
1115 10.2162
1116 10.1145
1117 10.1336
1118 10.1121
1119 10.1909
1120 10.0299
1121 10.0381
1122 10.2052
1123 10.1864
1124 10.2261
1125 10.2573
1126 10.1203
1127 10.1463
1128 10.1654
1129 10.0477
1130 10.078
1131 10.1392
1132 10.3517
1133 10.3976
1134 10.4784
1135 10.5864
1136 10.6905
1137 10.6141
1138 10.6548
1139 10.6689
1140 10.619
1141 10.6091
1142 10.706
1143 10.7275
1144 10.8512
1145 10.8619
1146 10.8302
1147 10.8204
1148 10.8808
1149 10.847
1150 10.7587
1151 10.7996
1152 10.7959
1153 10.7436
1154 10.7231
1155 10.6977
1156 10.6922
1157 10.6962
1158 10.6252
1159 10.6344
1160 10.7155
1161 10.7881
1162 10.7844
1163 10.7781
1164 10.7343
1165 10.646
1166 10.7219
1167 10.7867
1168 10.8956
1169 11.0157
1170 11.0045
1171 11.0649
1172 11.1071
1173 11.1651
1174 11.0676
1175 11.0143
1176 11.0688
1177 11.0872
1178 11.0967
1179 11.0797
1180 11.1922
1181 11.1192
1182 11.0216
1183 10.9985
1184 10.8822
1185 10.7244
1186 10.6574
1187 10.4224
1188 10.4707
1189 10.4742
1190 10.537
1191 10.5967
1192 10.6747
1193 10.7108
1194 10.656
1195 10.5321
1196 10.5861
1197 10.6504
1198 10.677
1199 10.7573
1200 10.6535
1201 10.5847
1202 10.6289
1203 10.6344
1204 10.6049
1205 10.6971
1206 10.7058
1207 10.7472
1208 10.7784
1209 10.6948
1210 10.5802
1211 10.5462
1212 10.6084
1213 10.7047
1214 10.6786
1215 10.6525
1216 10.7013
1217 10.6663
1218 10.7458
1219 10.6364
1220 10.5869
1221 10.6785
1222 10.5446
1223 10.5682
1224 10.61
1225 10.5035
1226 10.497
1227 10.4799
1228 10.5344
1229 10.5769
1230 10.5128
1231 10.4606
1232 10.4604
1233 10.4818
1234 10.4936
1235 10.5249
1236 10.5221
1237 10.511
1238 10.516
1239 10.3138
1240 10.3937
1241 10.314
1242 10.378
1243 10.4291
1244 10.3381
1245 10.1799
1246 10.2129
1247 10.2475
1248 10.2256
1249 10.0247
1250 10.062
1251 9.97123
1252 9.91502
1253 9.85195
1254 9.97729
1255 9.84056
1256 9.91464
1257 9.95886
1258 10.0494
1259 10.0453
1260 10.1195
1261 10.1237
1262 10.2806
1263 10.2717
1264 10.3919
1265 10.6074
1266 10.5326
1267 10.4327
1268 10.5936
1269 10.6738
1270 10.6827
1271 10.7865
1272 10.8371
1273 10.8988
1274 10.7513
1275 10.7744
1276 10.7709
1277 10.8166
1278 10.8116
1279 10.8742
1280 10.839
1281 10.8402
1282 10.8392
1283 10.792
1284 10.7384
1285 10.7063
1286 10.7922
1287 10.7897
1288 10.6949
1289 10.5593
1290 10.5263
1291 10.7006
1292 10.7939
1293 10.8093
1294 10.7654
1295 10.6643
1296 10.7367
1297 10.7239
1298 10.7395
1299 10.786
1300 10.8204
1301 10.9415
1302 11.0221
1303 10.9625
1304 11.1246
1305 11.1121
1306 11.0468
1307 10.9011
1308 10.9895
1309 11.0877
1310 11.0696
1311 11.0666
1312 10.9591
1313 10.9603
1314 11.0036
1315 10.8958
1316 10.8082
1317 10.8523
1318 10.7986
1319 10.8042
1320 10.7805
1321 10.7088
1322 10.7424
1323 10.6425
1324 10.5898
1325 10.6086
1326 10.5922
1327 10.7349
1328 10.6245
1329 10.5057
1330 10.484
1331 10.4855
1332 10.4667
1333 10.5389
1334 10.41
1335 10.4174
1336 10.3593
1337 10.3759
1338 10.3561
1339 10.3425
1340 10.2925
1341 10.3107
1342 10.2349
1343 10.1754
1344 10.2815
1345 10.2342
1346 10.1991
1347 10.1938
1348 10.2819
1349 10.2963
1350 10.2094
1351 10.325
1352 10.2383
1353 10.2311
1354 10.3443
1355 10.2969
1356 10.2477
1357 10.1756
1358 10.1517
1359 10.0183
1360 9.96168
1361 9.88549
1362 9.85061
1363 9.85671
1364 9.85449
1365 9.99375
1366 9.90391
1367 9.90302
1368 9.86426
1369 9.86719
1370 9.87894
1371 9.91314
1372 9.87502
1373 9.93737
1374 9.90958
1375 9.88936
1376 9.89174
1377 9.92917
1378 9.91222
1379 9.87262
1380 9.77073
1381 9.79803
1382 9.69797
1383 9.68965
1384 9.68739
1385 9.79238
1386 9.72683
1387 9.85852
1388 9.81985
1389 9.84659
1390 9.78681
1391 9.82188
1392 10.0144
1393 10.1236
1394 10.154
1395 10.1583
1396 10.1802
1397 10.0889
1398 10.0695
1399 10.1209
1400 10.0414
1401 9.94638
1402 9.94087
1403 9.98913
1404 10.098
1405 9.95321
1406 9.9823
1407 10.0174
1408 9.88138
1409 9.85958
1410 9.85247
1411 9.81739
1412 9.91557
1413 9.84051
1414 9.84176
1415 9.69813
1416 9.75973
1417 9.7939
1418 9.82185
1419 9.85758
1420 9.83356
1421 9.91365
1422 9.89323
1423 9.91109
1424 9.9745
1425 9.95033
1426 9.92437
1427 10.0306
1428 10.1838
1429 10.1852
1430 10.0588
1431 10.0949
1432 10.0653
1433 10.1202
1434 10.2466
1435 10.2855
1436 10.2628
1437 10.3524
1438 10.3077
1439 10.441
1440 10.4103
1441 10.2534
1442 10.3368
1443 10.2997
1444 10.2828
1445 10.3822
1446 10.3854
1447 10.473
1448 10.4817
1449 10.5356
1450 10.5339
1451 10.6167
1452 10.575
1453 10.5692
1454 10.5925
1455 10.5861
1456 10.5738
1457 10.6987
1458 10.6828
1459 10.7666
1460 10.7385
1461 10.7461
1462 10.7522
1463 10.6451
1464 10.4927
1465 10.4295
1466 10.4024
1467 10.3151
1468 10.3502
1469 10.2188
1470 10.23
1471 10.2942
1472 10.3389
1473 10.376
1474 10.4097
1475 10.456
1476 10.5819
1477 10.6723
1478 10.6964
1479 10.7097
1480 10.7997
1481 10.7855
1482 10.759
1483 10.7083
1484 10.841
1485 10.7848
1486 10.808
1487 10.8853
1488 10.8391
1489 10.8972
1490 10.9386
1491 11.018
1492 10.9579
1493 10.9569
1494 10.9925
1495 10.8732
1496 10.887
1497 10.7895
1498 10.7583
1499 10.844
1500 10.8884
1501 11.0673
1502 11.1704
1503 11.2936
1504 11.2138
1505 11.2767
1506 11.3398
1507 11.4951
1508 11.5774
1509 11.414
1510 11.5454
1511 11.6379
1512 11.6538
1513 11.6377
1514 11.6019
1515 11.584
1516 11.4795
1517 11.4593
1518 11.4963
1519 11.5844
1520 11.5978
1521 11.7331
1522 11.6476
1523 11.719
1524 11.6166
1525 11.6173
1526 11.4452
1527 11.4341
1528 11.4838
1529 11.378
1530 11.3757
1531 11.294
1532 11.2253
1533 11.0817
1534 11.1102
1535 11.3498
1536 11.4049
1537 11.3927
1538 11.2542
1539 11.2355
1540 11.2372
1541 11.259
1542 11.2921
1543 11.3347
1544 11.352
1545 11.3039
1546 11.1908
1547 11.0815
1548 11.063
1549 11.083
1550 11.0915
1551 11.0455
1552 11.1734
1553 11.2814
1554 11.161
1555 11.1242
1556 11.1164
1557 11.1606
1558 11.1261
1559 11.1558
1560 11.2064
1561 11.2376
1562 11.3898
1563 11.2359
1564 11.1738
1565 11.1859
1566 11.2196
1567 11.2374
1568 11.2215
1569 11.1265
1570 11.0839
1571 10.9963
1572 10.9451
1573 10.8122
1574 10.7455
1575 10.7589
1576 10.7854
1577 10.8319
1578 11.0069
1579 11.1398
1580 11.2359
1581 11.4307
1582 11.3948
1583 11.2129
1584 11.2055
1585 11.2627
1586 11.1917
1587 11.2298
1588 11.1949
1589 11.2322
1590 11.3236
1591 11.2588
1592 11.0626
1593 10.9583
1594 10.9781
1595 11.0052
1596 10.9307
1597 10.9588
1598 10.8087
1599 10.6523
1600 10.5844
1601 10.5264
1602 10.5322
1603 10.5542
1604 10.5651
1605 10.4929
1606 10.4139
1607 10.2913
1608 10.1836
1609 10.1084
1610 10.1605
1611 10.2046
1612 10.2192
1613 10.1273
1614 9.84271
1615 9.85453
1616 9.90607
1617 9.8738
1618 9.93904
1619 10.0422
1620 9.97691
1621 10.0266
1622 10.0029
1623 9.97888
1624 10.0085
1625 9.95534
1626 9.98478
1627 10.0698
1628 10.145
1629 10.0827
1630 10.178
1631 10.3398
1632 10.3453
1633 10.2457
1634 10.2141
1635 10.1381
1636 10.1217
1637 10.1875
1638 10.0539
1639 10.1374
1640 10.1293
1641 10.1251
1642 10.0864
1643 10.1824
1644 10.076
1645 10.1141
1646 9.99645
1647 10.0355
1648 10.0551
1649 10.0649
1650 10.0665
1651 9.97666
1652 10.0833
1653 9.9115
1654 9.84721
1655 9.85165
1656 9.87781
1657 9.9065
1658 9.89024
1659 9.80651
1660 9.89883
1661 9.96974
1662 9.99755
1663 9.92585
1664 9.99039
1665 9.95369
1666 9.78823
1667 9.69597
1668 9.67998
1669 9.8341
1670 9.80761
1671 9.75588
1672 9.79019
1673 9.82461
1674 9.85324
1675 9.95923
1676 10.0462
1677 10.03
1678 10.0137
1679 10.1153
1680 10.0814
1681 10.0825
1682 10.1196
1683 10.1868
1684 10.3264
1685 10.304
1686 10.2957
1687 10.28
1688 10.3929
1689 10.4101
1690 10.5847
1691 10.616
1692 10.6648
1693 10.7342
1694 10.7223
1695 10.8577
1696 10.9902
1697 10.986
1698 10.861
1699 10.9382
1700 11.0497
1701 11.1056
1702 11.1521
1703 11.1678
1704 11.1092
1705 11.136
1706 10.9934
1707 10.9384
1708 10.6921
1709 10.6344
1710 10.7682
1711 10.6574
1712 10.7394
1713 10.7256
1714 10.7585
1715 10.7406
1716 10.7993
1717 10.7554
1718 10.8256
1719 10.9371
1720 10.9056
1721 10.8372
1722 10.7753
1723 10.7615
1724 10.7986
1725 10.7834
1726 10.8514
1727 10.9716
1728 11.0841
1729 10.9782
1730 11.0132
1731 10.9516
1732 10.9376
1733 10.9067
1734 10.9539
1735 10.9745
1736 11.0809
1737 11.1862
1738 11.1776
1739 11.1093
1740 11.168
1741 11.179
1742 11.1794
1743 11.1977
1744 11.1908
1745 11.2451
1746 11.2534
1747 11.2489
1748 11.2466
1749 11.2341
1750 11.2616
1751 11.2768
1752 11.4171
1753 11.4291
1754 11.4625
1755 11.5992
1756 11.6632
1757 11.639
1758 11.7138
1759 11.7536
1760 11.6253
1761 11.6952
1762 11.8331
1763 11.7656
1764 11.7863
1765 11.8379
1766 11.9715
1767 12.0073
1768 12.0921
1769 12.0093
1770 12.0078
1771 11.9883
1772 12.0313
1773 12.0473
1774 12.0766
1775 12.1135
1776 12.0143
1777 11.9435
1778 11.979
1779 11.9232
1780 11.9241
1781 12.0315
1782 12.0346
1783 12.0457
1784 12.0945
1785 12.061
1786 12.0988
1787 12.1761
1788 12.1681
1789 12.262
1790 12.1674
1791 12.2218
1792 12.1451
1793 12.2577
1794 12.4076
1795 12.4899
1796 12.3893
1797 12.4095
1798 12.4707
1799 12.4689
1800 12.3747
1801 12.4005
1802 12.4441
1803 12.4188
1804 12.4782
1805 12.4274
1806 12.4602
1807 12.3969
1808 12.3871
1809 12.3814
1810 12.2701
1811 12.2308
1812 12.3666
1813 12.4102
1814 12.3895
1815 12.4145
1816 12.3846
1817 12.4756
1818 12.4774
1819 12.52
1820 12.5018
1821 12.5504
1822 12.5488
1823 12.5531
1824 12.3641
1825 12.3881
1826 12.3804
1827 12.36
1828 12.4642
1829 12.3869
1830 12.3143
1831 12.1495
1832 12.1702
1833 12.2345
1834 12.1622
1835 12.2675
1836 12.2897
1837 12.4228
1838 12.3901
1839 12.4315
1840 12.3999
1841 12.3374
1842 12.2376
1843 12.3138
1844 12.2727
1845 12.3354
1846 12.3922
1847 12.4552
1848 12.5018
1849 12.6609
1850 12.6359
1851 12.8484
1852 12.8818
1853 12.9269
1854 12.9478
1855 13.0833
1856 13.1512
1857 13.1301
1858 13.102
1859 13.2309
1860 13.3181
1861 13.3794
1862 13.3298
1863 13.2236
1864 13.2215
1865 13.2425
1866 13.1359
1867 13.2357
1868 13.315
1869 13.2909
1870 13.4105
1871 13.4311
1872 13.4442
1873 13.532
1874 13.4721
1875 13.3802
1876 13.2979
1877 13.2669
1878 13.1802
1879 13.186
1880 13.1747
1881 13.2597
1882 13.224
1883 13.2342
1884 13.2447
1885 13.1816
1886 13.2054
1887 13.1998
1888 13.2007
1889 13.2305
1890 13.2347
1891 13.23
1892 13.2845
1893 13.2643
1894 13.2044
1895 13.2181
1896 13.2753
1897 13.3765
1898 13.4502
1899 13.519
1900 13.6539
1901 13.6446
1902 13.5912
1903 13.6168
1904 13.6548
1905 13.848
1906 13.8664
1907 13.7297
1908 13.8
1909 13.8086
1910 13.8882
1911 14.0552
1912 14.2204
1913 14.2407
1914 14.241
1915 14.1286
1916 14.0911
1917 14.1681
1918 14.0943
1919 14.1136
1920 14.0427
1921 14.0784
1922 13.9548
1923 13.9942
1924 14.0043
1925 14.0443
1926 14.0278
1927 14.0554
1928 14.1363
1929 14.1618
1930 14.2102
1931 14.1515
1932 14.1809
1933 14.125
1934 14.1583
1935 14.3169
1936 14.3653
1937 14.4489
1938 14.4441
1939 14.4452
1940 14.5491
1941 14.4624
1942 14.4359
1943 14.3941
1944 14.4063
1945 14.3242
1946 14.3036
1947 14.3728
1948 14.3166
1949 14.3416
1950 14.2905
1951 14.3436
1952 14.3101
1953 14.3366
1954 14.2758
1955 14.3203
1956 14.2609
1957 14.1944
1958 14.2697
1959 14.2664
1960 14.3011
1961 14.229
1962 14.1985
1963 14.239
1964 14.2695
1965 14.2539
1966 14.1825
1967 14.2073
1968 14.2343
1969 14.241
1970 14.2844
1971 14.3231
1972 14.3129
1973 14.3536
1974 14.3087
1975 14.2884
1976 14.2258
1977 14.1046
1978 14.1877
1979 14.2127
1980 14.2416
1981 14.2821
1982 14.3405
1983 14.2897
1984 14.2813
1985 14.397
1986 14.2985
1987 14.1861
1988 14.1836
1989 14.2147
1990 14.3074
1991 14.32
1992 14.3326
1993 14.3033
1994 14.3337
1995 14.3411
1996 14.3512
1997 14.478
1998 14.527
1999 14.6707
2000 14.7147
2001 14.7629
2002 14.6916
2003 14.6357
2004 14.6178
2005 14.5665
2006 14.4361
2007 14.4399
2008 14.3504
2009 14.3823
2010 14.3859
2011 14.2536
2012 14.2432
2013 14.2802
2014 14.2065
2015 14.1876
2016 14.0659
2017 13.9832
2018 13.7368
2019 13.6492
2020 13.5895
2021 13.3998
2022 13.3773
2023 13.4216
2024 13.3979
2025 13.1724
2026 13.1282
2027 13.0865
2028 13.0798
2029 12.8913
2030 12.887
2031 12.8299
2032 12.7376
2033 12.6152
2034 12.6156
2035 12.5744
2036 12.5176
2037 12.7142
2038 12.767
2039 12.7683
2040 12.836
2041 12.7531
2042 12.7908
2043 12.8057
2044 12.8773
2045 12.7858
2046 12.8159
2047 12.8495
2048 12.7587
2049 12.739
2050 12.5659
2051 12.4739
2052 12.5682
2053 12.5091
2054 12.601
2055 12.5216
2056 12.5164
2057 12.6606
2058 12.6543
2059 12.7445
2060 12.8415
2061 12.8276
2062 12.9155
2063 12.8472
2064 12.8803
2065 12.9386
2066 12.9615
2067 12.9323
2068 12.9899
2069 13.0726
2070 12.9878
2071 13.0363
2072 12.957
2073 13.0727
2074 12.9432
2075 13.034
2076 12.8595
2077 12.7429
2078 12.8151
2079 12.9053
2080 12.8666
2081 12.7602
2082 12.7433
2083 12.747
2084 12.6847
2085 12.605
2086 12.5762
2087 12.5049
2088 12.5145
2089 12.5089
2090 12.6092
2091 12.6345
2092 12.5821
2093 12.6166
2094 12.662
2095 12.6413
2096 12.5767
2097 12.5991
2098 12.5805
2099 12.5178
2100 12.5541
2101 12.5525
2102 12.5378
2103 12.5345
2104 12.6719
2105 12.6397
2106 12.5232
2107 12.4701
2108 12.4928
2109 12.5617
2110 12.6894
2111 12.6021
2112 12.4834
2113 12.4
2114 12.4196
2115 12.4937
2116 12.5384
2117 12.494
2118 12.505
2119 12.5173
2120 12.5697
2121 12.464
2122 12.4351
2123 12.4413
2124 12.4026
2125 12.484
2126 12.5246
2127 12.5731
2128 12.5539
2129 12.5166
2130 12.4914
2131 12.3963
2132 12.3168
2133 12.2347
2134 12.2081
2135 12.1546
2136 12.1148
2137 12.0994
2138 12.1156
2139 12.0685
2140 12.0393
2141 12.0638
2142 12.0899
2143 11.8727
2144 11.7671
2145 11.7272
2146 11.7619
2147 11.7213
2148 11.6861
2149 11.6501
2150 11.6351
2151 11.7111
2152 11.6107
2153 11.5105
2154 11.6199
2155 11.6649
2156 11.7313
2157 11.6471
2158 11.8057
2159 11.7471
2160 11.7611
2161 11.7888
2162 11.6908
2163 11.5596
2164 11.4333
2165 11.5042
2166 11.5657
2167 11.5422
2168 11.4194
2169 11.2987
2170 11.2939
2171 11.311
2172 11.1879
2173 11.1343
2174 11.0909
2175 11.1068
2176 11.0283
2177 11.1663
2178 11.0311
2179 11.0056
2180 10.9827
2181 10.9331
2182 10.8881
2183 10.9842
2184 10.9017
2185 10.8189
2186 10.746
2187 10.7947
2188 10.761
2189 10.858
2190 10.8318
2191 10.74
2192 10.846
2193 10.7483
2194 10.8481
2195 10.8777
2196 10.8673
2197 10.8425
2198 10.8273
2199 10.8552
2200 10.9367
2201 10.8689
2202 11.1085
2203 10.9209
2204 11.0008
2205 11.2043
2206 11.1223
2207 11.2357
2208 11.2634
2209 11.2402
2210 11.2022
2211 11.1807
2212 11.0869
2213 11.0238
2214 11.0416
2215 10.9747
2216 11.0865
2217 11.1016
2218 11.1455
2219 11.1847
2220 11.0394
2221 11.2354
2222 11.3837
2223 11.3416
2224 11.3133
2225 11.3774
2226 11.4528
2227 11.4805
2228 11.5996
2229 11.7448
2230 11.8455
2231 11.864
2232 11.931
2233 11.9005
2234 11.8327
2235 11.9396
2236 11.9844
2237 11.9823
2238 12.0111
2239 11.9956
2240 11.95
2241 12.0574
2242 12.1279
2243 12.0948
2244 12.0949
2245 12.1557
2246 12.2534
2247 12.3586
2248 12.2035
2249 12.2141
2250 12.2519
2251 12.2882
2252 12.1502
2253 12.0825
2254 12.1154
2255 12.1064
2256 12.3367
2257 12.349
2258 12.436
2259 12.3915
2260 12.3191
2261 12.2741
2262 12.3644
2263 12.4317
2264 12.3708
2265 12.5292
2266 12.5264
2267 12.5334
2268 12.5657
2269 12.5491
2270 12.6378
2271 12.6643
2272 12.7671
2273 12.8241
2274 12.8639
2275 12.9935
2276 12.8115
2277 12.8665
2278 12.7984
2279 12.8719
2280 12.9714
2281 13.0098
2282 12.9015
2283 12.9771
2284 13.1313
2285 13.1682
2286 13.1506
2287 13.2539
2288 13.3489
2289 13.4595
2290 13.5592
2291 13.5215
2292 13.6241
2293 13.3876
2294 13.4698
2295 13.3686
2296 13.5077
2297 13.4476
2298 13.5509
2299 13.6034
2300 13.5796
2301 13.6761
2302 13.6299
2303 13.5962
2304 13.553
2305 13.6613
2306 13.6546
2307 13.7426
2308 13.6073
2309 13.5525
2310 13.4436
2311 13.4482
2312 13.4684
2313 13.472
2314 13.3429
2315 13.2923
2316 13.1991
2317 13.2026
2318 13.1106
2319 13.0668
2320 13.0319
2321 12.9898
2322 13.0038
2323 13.1152
2324 13.148
2325 13.3488
2326 13.443
2327 13.3963
2328 13.3883
2329 13.5967
2330 13.6367
2331 13.5443
2332 13.6105
2333 13.5885
2334 13.6049
2335 13.6263
2336 13.6237
2337 13.6618
2338 13.7128
2339 13.6601
2340 13.6974
2341 13.5685
2342 13.589
2343 13.5211
2344 13.6405
2345 13.7528
2346 13.6966
2347 13.6084
2348 13.4884
2349 13.4408
2350 13.4082
2351 13.4666
2352 13.3715
2353 13.416
2354 13.4775
2355 13.4089
2356 13.3506
2357 13.293
2358 13.1907
2359 13.141
2360 13.0892
2361 13.1148
2362 13.2464
2363 13.1848
2364 13.2419
2365 13.2488
2366 13.1965
2367 13.1655
2368 13.2545
2369 13.287
2370 13.2585
2371 13.3668
2372 13.4515
2373 13.4344
2374 13.5087
2375 13.5859
2376 13.5806
2377 13.5606
2378 13.4109
2379 13.3543
2380 13.2082
2381 13.1113
2382 13.2199
2383 13.1949
2384 13.2456
2385 13.4319
2386 13.3892
2387 13.3964
2388 13.4595
2389 13.3788
2390 13.3884
2391 13.3294
2392 13.2889
2393 13.3008
2394 13.1994
2395 13.1049
2396 13.0532
2397 13.1042
2398 13.1676
2399 13.2203
2400 13.2195
2401 13.2367
2402 13.1077
2403 13.2187
2404 13.2409
2405 13.1452
2406 13.0208
2407 12.9962
2408 13.1492
2409 13.0856
2410 12.9214
2411 12.842
2412 12.8246
2413 12.8002
2414 12.8085
2415 12.7847
2416 12.6224
2417 12.5655
2418 12.4612
2419 12.3809
2420 12.3331
2421 12.3204
2422 12.4104
2423 12.3116
2424 12.4504
2425 12.4288
2426 12.4783
2427 12.4406
2428 12.5956
2429 12.699
2430 12.803
2431 12.7524
2432 12.705
2433 12.7785
2434 12.834
2435 12.9764
2436 13.0518
2437 13.118
2438 13.1368
2439 13.2184
2440 13.2364
2441 13.4241
2442 13.5044
2443 13.2853
2444 13.3028
2445 13.3349
2446 13.2416
2447 13.331
2448 13.3688
2449 13.4357
2450 13.4328
2451 13.3713
2452 13.2661
2453 13.173
2454 13.2946
2455 13.2024
2456 13.1613
2457 13.1836
2458 13.1887
2459 13.1822
2460 13.2743
2461 13.2546
2462 13.3634
2463 13.5302
2464 13.5352
2465 13.679
2466 13.6907
2467 13.8045
2468 13.8519
2469 13.8748
2470 13.8419
2471 13.8656
2472 13.7672
2473 13.7848
2474 13.9212
2475 13.9675
2476 14.0067
2477 14.062
2478 14.0601
2479 13.9789
2480 14.0062
2481 13.8243
2482 13.8962
2483 13.8253
2484 13.7949
2485 13.7203
2486 13.6418
2487 13.4069
2488 13.3859
2489 13.532
2490 13.5027
2491 13.4654
2492 13.3353
2493 13.3762
2494 13.4264
2495 13.4169
2496 13.3923
2497 13.355
2498 13.3152
2499 13.3606
2500 13.3899
2501 13.4601
2502 13.4777
2503 13.5256
2504 13.5716
2505 13.5694
2506 13.4617
2507 13.5046
2508 13.3127
2509 13.3084
2510 13.2554
2511 13.3079
2512 13.2152
2513 13.3659
2514 13.3291
2515 13.4005
2516 13.2664
2517 13.3657
2518 13.4648
2519 13.4717
2520 13.3246
2521 13.3492
2522 13.3268
2523 13.2875
2524 13.3179
2525 13.2349
2526 13.345
2527 13.2514
2528 13.1327
2529 13.1955
2530 13.2474
2531 13.1935
2532 13.1843
2533 13.2462
2534 13.4457
2535 13.5005
2536 13.565
2537 13.593
2538 13.5931
2539 13.6552
2540 13.65
2541 13.6268
2542 13.678
2543 13.8078
2544 13.8264
2545 13.9035
2546 13.842
2547 13.9924
2548 13.9366
2549 13.9386
2550 14.0405
2551 14.2023
2552 14.2599
2553 14.2718
2554 14.2732
2555 14.2273
2556 14.2447
2557 14.197
2558 14.2692
2559 14.3438
2560 14.3636
2561 14.403
2562 14.5553
2563 14.6224
2564 14.6711
2565 14.7023
2566 14.5451
2567 14.4611
2568 14.5034
2569 14.5171
2570 14.5055
2571 14.7056
2572 14.7712
2573 14.7211
2574 14.6902
2575 14.6754
2576 14.5988
2577 14.6386
2578 14.5481
2579 14.6653
2580 14.726
2581 14.7805
2582 14.7784
2583 14.7614
2584 14.8257
2585 15.1348
2586 15.0628
2587 15.1236
2588 15.2587
2589 15.246
2590 15.2779
2591 15.3056
2592 15.2042
2593 15.2106
2594 15.2021
2595 15.2827
2596 15.2703
2597 15.3262
2598 15.491
2599 15.6473
2600 15.5843
2601 15.5589
2602 15.6468
2603 15.7444
2604 15.9057
2605 15.8857
2606 15.9055
2607 16.0038
2608 15.9485
2609 16.0716
2610 16.1061
2611 16.116
2612 16.0189
2613 15.9364
2614 16.0244
2615 16.0036
2616 16.061
2617 16.091
2618 16.1637
2619 16.2025
2620 16.1838
2621 16.2794
2622 16.3043
2623 16.3936
2624 16.3755
2625 16.3076
2626 16.4176
2627 16.3404
2628 16.4457
2629 16.3526
2630 16.2667
2631 16.1446
2632 16.0244
2633 15.8712
2634 15.8772
2635 15.8282
2636 15.7686
2637 15.7431
2638 15.6384
2639 15.4868
2640 15.364
2641 15.3406
2642 15.3279
2643 15.2206
2644 15.2453
2645 15.1519
2646 15.2322
2647 15.3421
2648 15.3773
2649 15.4524
2650 15.507
2651 15.5986
2652 15.6168
2653 15.677
2654 15.809
2655 15.7977
2656 15.8971
2657 15.9307
2658 15.9545
2659 15.8992
2660 15.7864
2661 15.7986
2662 15.7189
2663 15.7144
2664 15.646
2665 15.7639
2666 15.8892
2667 15.8596
2668 15.8731
2669 15.8189
2670 15.7694
2671 15.6078
2672 15.5969
2673 15.715
2674 15.7305
2675 15.6269
2676 15.6374
2677 15.585
2678 15.4332
2679 15.2862
2680 15.4202
2681 15.4639
2682 15.487
2683 15.468
2684 15.5238
2685 15.5571
2686 15.5374
2687 15.4569
2688 15.3055
2689 15.2228
2690 15.0213
2691 15.164
2692 15.2001
2693 15.3444
2694 15.3524
2695 15.2798
2696 15.4155
2697 15.4656
2698 15.4351
2699 15.3597
2700 15.3658
2701 15.2994
2702 15.3409
2703 15.4101
2704 15.2983
2705 15.1705
2706 15.2793
2707 15.2944
2708 15.3615
2709 15.2837
2710 15.3297
2711 15.3717
2712 15.409
2713 15.3943
2714 15.3069
2715 15.2427
2716 15.2462
2717 15.2796
2718 15.2419
2719 15.2794
2720 15.3518
2721 15.3811
2722 15.467
2723 15.4763
2724 15.4372
2725 15.3604
2726 15.4932
2727 15.4774
2728 15.4784
2729 15.4345
2730 15.3888
2731 15.3513
2732 15.2093
2733 15.1308
2734 15.247
2735 15.3577
2736 15.4028
2737 15.3057
2738 15.3241
2739 15.3307
2740 15.3375
2741 15.31
2742 15.147
2743 15.0315
2744 15.0163
2745 14.9313
2746 14.9552
2747 14.963
2748 14.9867
2749 14.8883
2750 15.0399
2751 15.0624
2752 15.0618
2753 15.1312
2754 15.0882
2755 15.0128
2756 15.0201
2757 15.006
2758 14.9836
2759 15.0584
2760 15.1063
2761 15.1535
2762 15.1032
2763 14.9652
2764 15.0214
2765 15.0615
2766 14.9252
2767 14.9071
2768 14.7965
2769 14.8242
2770 14.9278
2771 14.9725
2772 14.9274
2773 14.8774
2774 14.8684
2775 14.8387
2776 14.8884
2777 15.0179
2778 14.8744
2779 14.9287
2780 14.9006
2781 14.9076
2782 14.9157
2783 14.9715
2784 14.981
2785 14.9598
2786 15.0114
2787 14.9992
2788 15.1446
2789 15.082
2790 15.2659
2791 15.2435
2792 15.07
2793 15.061
2794 15.1092
2795 15.1418
2796 15.1588
2797 15.1939
2798 15.2624
2799 15.2967
2800 15.2554
2801 15.2323
2802 15.2343
2803 15.1101
2804 15.0128
2805 14.9823
2806 14.9183
2807 14.7948
2808 14.7988
2809 14.8099
2810 14.8488
2811 14.9437
2812 15.0062
2813 15.1882
2814 15.1703
2815 15.2107
2816 15.4082
2817 15.3529
2818 15.519
2819 15.5769
2820 15.5923
2821 15.6923
2822 15.8283
2823 15.8048
2824 15.9446
2825 16.0134
2826 16.008
2827 16.0918
2828 16.0696
2829 15.9656
2830 16.0385
2831 16.0061
2832 16.0474
2833 16.0234
2834 16.0647
2835 16.0802
2836 16.0705
2837 16.0478
2838 16.0451
2839 16.1697
2840 16.1871
2841 16.1639
2842 16.1862
2843 16.1799
2844 16.2427
2845 16.0623
2846 16.1886
2847 16.1046
2848 16.0044
2849 15.9257
2850 15.9045
2851 15.8538
2852 15.7996
2853 15.908
2854 15.9135
2855 15.8744
2856 15.9018
2857 15.7706
2858 15.7403
2859 15.609
2860 15.5246
2861 15.4828
2862 15.3806
2863 15.2221
2864 15.2385
2865 15.1154
2866 15.089
2867 15.0468
2868 15.0312
2869 14.8779
2870 14.8758
2871 14.9192
2872 14.8377
2873 14.7583
2874 14.6961
2875 14.6495
2876 14.6962
2877 14.7312
2878 14.7627
2879 14.815
2880 14.6564
2881 14.6197
2882 14.6651
2883 14.6102
2884 14.634
2885 14.7454
2886 14.7486
2887 14.745
2888 14.7598
2889 14.8438
2890 14.8577
2891 14.7723
2892 14.6905
2893 14.6732
2894 14.6804
2895 14.6297
2896 14.4923
2897 14.6013
2898 14.5444
2899 14.4834
2900 14.4009
2901 14.3691
2902 14.4771
2903 14.4395
2904 14.4971
2905 14.5
2906 14.3444
2907 14.4243
2908 14.375
2909 14.2669
2910 14.2313
2911 13.9889
2912 13.9917
2913 14.0857
2914 14.0374
2915 14.0322
2916 13.9477
2917 13.8934
2918 13.8408
2919 13.9032
2920 13.9295
2921 13.8617
2922 13.7135
2923 13.7149
2924 13.6565
2925 13.6958
2926 13.6171
2927 13.7137
2928 13.7663
2929 13.7227
2930 13.7803
2931 13.9008
2932 13.9643
2933 13.9051
2934 13.89
2935 13.8584
2936 13.9883
2937 14.0957
2938 14.124
2939 14.1409
2940 14.0824
2941 14.1995
2942 14.2635
2943 14.1155
2944 14.1385
2945 14.1757
2946 14.018
2947 13.8821
2948 13.9554
2949 13.9699
2950 13.9074
2951 13.8929
2952 14.0679
2953 14.0768
2954 14.1853
2955 14.0538
2956 13.8913
2957 13.9371
2958 13.8236
2959 13.7661
2960 13.7177
2961 13.6908
2962 13.7429
2963 13.7893
2964 13.8454
2965 13.8579
2966 13.8776
2967 14.062
2968 13.9587
2969 13.8605
2970 13.9345
2971 13.9406
2972 13.9131
2973 13.9705
2974 14.0167
2975 13.9818
2976 14.0276
2977 14.0557
2978 13.9506
2979 13.9459
2980 14.0562
2981 14.0694
2982 14.1613
2983 14.2902
2984 14.2706
2985 14.303
2986 14.2574
2987 14.2896
2988 14.2432
2989 14.3985
2990 14.3676
2991 14.3699
2992 14.4253
2993 14.2318
2994 14.2473
2995 14.2419
2996 14.1903
2997 14.3039
2998 14.2539
2999 14.3094
3000 14.2501
3001 14.1579
3002 14.0652
3003 14.0016
3004 14.0383
3005 14.032
3006 14.1166
3007 14.199
3008 14.232
3009 14.4
3010 14.4664
3011 14.5555
3012 14.5364
3013 14.568
3014 14.5709
3015 14.4325
3016 14.3426
3017 14.4079
3018 14.5169
3019 14.398
3020 14.444
3021 14.5385
3022 14.5894
3023 14.6079
3024 14.7446
3025 14.6967
3026 14.5755
3027 14.554
3028 14.5381
3029 14.5207
3030 14.6036
3031 14.6314
3032 14.6536
3033 14.6558
3034 14.624
3035 14.6741
3036 14.6257
3037 14.5249
3038 14.5595
3039 14.7564
3040 14.6884
3041 14.6809
3042 14.798
3043 14.8945
3044 15.0844
3045 15.1006
3046 15.139
3047 15.2174
3048 15.1451
3049 15.0906
3050 15.1437
3051 15.2334
3052 15.3024
3053 15.3589
3054 15.3623
3055 15.3484
3056 15.4523
3057 15.462
3058 15.5158
3059 15.6106
3060 15.6202
3061 15.6283
3062 15.7579
3063 15.6963
3064 15.6977
3065 15.6888
3066 15.7061
3067 15.7027
3068 15.7382
3069 15.5957
3070 15.6647
3071 15.6571
3072 15.5202
3073 15.6692
3074 15.6655
3075 15.7642
3076 15.5931
3077 15.5346
3078 15.5478
3079 15.4584
3080 15.4208
3081 15.2164
3082 15.2338
3083 15.0473
3084 14.8193
3085 14.8364
3086 14.9531
3087 14.9476
3088 14.9424
3089 14.9504
3090 14.8861
3091 14.9018
3092 14.9467
3093 14.9361
3094 14.8438
3095 14.9608
3096 14.9217
3097 15.0186
3098 14.882
3099 15.0582
3100 15.1265
3101 15.1918
3102 15.1826
3103 15.1854
3104 15.1918
3105 15.2002
3106 15.1845
3107 15.1001
3108 15.2239
3109 15.137
3110 15.0085
3111 15.0462
3112 15.127
3113 15.1875
3114 15.0948
3115 15.1235
3116 14.9963
3117 14.935
3118 15.0686
3119 14.9175
3120 14.9993
3121 14.9271
3122 14.911
3123 14.7783
3124 14.703
3125 14.7065
3126 14.5401
3127 14.5156
3128 14.5096
3129 14.3113
3130 14.3069
3131 14.3446
3132 14.2372
3133 14.2802
3134 14.1509
3135 14.1641
3136 14.0744
3137 14.0607
3138 14.1152
3139 14.084
3140 14.1649
3141 13.978
3142 13.8247
3143 13.8315
3144 13.8638
3145 13.8236
3146 13.7761
3147 13.722
3148 13.7775
3149 13.7513
3150 13.8472
3151 13.8491
3152 13.7437
3153 13.7859
3154 13.8116
3155 13.9537
3156 14.0614
3157 14.1437
3158 14.0515
3159 14.1868
3160 14.1624
3161 14.1364
3162 14.2211
3163 14.2142
3164 14.2141
3165 14.2116
3166 14.102
3167 13.9953
3168 14.0167
3169 13.9878
3170 14.0139
3171 13.9335
3172 13.9283
3173 14.0171
3174 14.0695
3175 14.0312
3176 14.1726
3177 14.1642
3178 14.1779
3179 14.1274
3180 14.0727
3181 13.9605
3182 13.9429
3183 14.0932
3184 14.0687
3185 14.3078
3186 14.4046
3187 14.4278
3188 14.3575
3189 14.4049
3190 14.3686
3191 14.3924
3192 14.3896
3193 14.4127
3194 14.3669
3195 14.4992
3196 14.6599
3197 14.6393
3198 14.6511
3199 14.6289
3200 14.6731
3201 14.6679
3202 14.555
3203 14.4235
3204 14.4042
3205 14.5368
3206 14.5688
3207 14.651
3208 14.6181
3209 14.6746
3210 14.5943
3211 14.643
3212 14.6034
3213 14.5217
3214 14.5392
3215 14.6186
3216 14.5038
3217 14.4832
3218 14.5009
3219 14.483
3220 14.4482
3221 14.4028
3222 14.3205
3223 14.4513
3224 14.5765
3225 14.4423
3226 14.4153
3227 14.4402
3228 14.3348
3229 14.2851
3230 14.2457
3231 14.3197
3232 14.3491
3233 14.2747
3234 14.0523
3235 14.02
3236 14.0422
3237 14.059
3238 14.0291
3239 14.0967
3240 14.0649
3241 14.0378
3242 14.0553
3243 14.0178
3244 14.1081
3245 14.0171
3246 14.0797
3247 14.0253
3248 13.8938
3249 13.9037
3250 13.9192
3251 14.0429
3252 14.0332
3253 14.1062
3254 14.1381
3255 14.0986
3256 14.0423
3257 13.9618
3258 13.9377
3259 13.8212
3260 13.7542
3261 13.7379
3262 13.6887
3263 13.8277
3264 13.8487
3265 13.8723
3266 13.8489
3267 13.7638
3268 13.6993
3269 13.7674
3270 13.7777
3271 13.7031
3272 13.701
3273 13.6937
3274 13.7271
3275 13.7269
3276 13.827
3277 13.8185
3278 13.7097
3279 13.6529
3280 13.6069
3281 13.4673
3282 13.3767
3283 13.2073
3284 13.1634
3285 13.2065
3286 13.1971
3287 13.2651
3288 13.1831
3289 13.1078
3290 13.1451
3291 13.1912
3292 13.1324
3293 13.0973
3294 13.059
3295 12.9744
3296 12.9204
3297 12.8989
3298 12.8989
3299 12.9347
3300 12.8797
3301 12.7907
3302 12.8063
3303 12.9192
3304 12.8748
3305 12.7286
3306 12.5746
3307 12.4077
3308 12.4831
3309 12.3307
3310 12.3712
3311 12.2887
3312 12.2318
3313 12.2715
3314 12.1872
3315 12.2053
3316 12.323
3317 12.3007
3318 12.2469
3319 12.2165
3320 12.1319
3321 12.1772
3322 12.0944
3323 12.1351
3324 12.1561
3325 12.2533
3326 12.1954
3327 12.2455
3328 12.343
3329 12.3647
3330 12.5115
3331 12.565
3332 12.5417
3333 12.3491
3334 12.428
3335 12.4593
3336 12.5362
3337 12.5593
3338 12.5893
3339 12.7161
3340 12.7785
3341 12.8683
3342 12.9569
3343 13.0434
3344 13.0446
3345 13.1175
3346 13.0957
3347 13.0962
3348 13.1135
3349 13.1432
3350 13.0979
3351 13.0368
3352 13.1793
3353 12.9779
3354 12.9866
3355 13.0742
3356 13.1775
3357 13.257
3358 13.2851
3359 13.3662
3360 13.3282
3361 13.3321
3362 13.3587
3363 13.4886
3364 13.5283
3365 13.6272
3366 13.7019
3367 13.6735
3368 13.7201
3369 13.6222
3370 13.6339
3371 13.6071
3372 13.4758
3373 13.3659
3374 13.3464
3375 13.4485
3376 13.3726
3377 13.4222
3378 13.4555
3379 13.494
3380 13.4604
3381 13.5897
3382 13.5367
3383 13.4826
3384 13.4974
3385 13.4627
3386 13.5024
3387 13.4932
3388 13.562
3389 13.5756
3390 13.5841
3391 13.5989
3392 13.6689
3393 13.6194
3394 13.6958
3395 13.6978
3396 13.7154
3397 13.6763
3398 13.7263
3399 13.7609
3400 13.6377
3401 13.7593
3402 13.5745
3403 13.5454
3404 13.4291
3405 13.4986
3406 13.4732
3407 13.2915
3408 13.2763
3409 13.2437
3410 13.2597
3411 13.2714
3412 13.2766
3413 13.3444
3414 13.3149
3415 13.3573
3416 13.4106
3417 13.4838
3418 13.5395
3419 13.5512
3420 13.5661
3421 13.5782
3422 13.5476
3423 13.6363
3424 13.6238
3425 13.7004
3426 13.7028
3427 13.7856
3428 13.8111
3429 13.7826
3430 13.8242
3431 13.9057
3432 13.9202
3433 14.1145
3434 14.1579
3435 14.0987
3436 14.1666
3437 14.1656
3438 14.2259
3439 14.0998
3440 14.137
3441 14.245
3442 14.188
3443 14.2636
3444 14.354
3445 14.2704
3446 14.2661
3447 14.4029
3448 14.3581
3449 14.2803
3450 14.2194
3451 14.2854
3452 14.3261
3453 14.3608
3454 14.3783
3455 14.3421
3456 14.3336
3457 14.2944
3458 14.3515
3459 14.2342
3460 14.1811
3461 14.0831
3462 14.0085
3463 13.971
3464 13.9605
3465 13.8729
3466 13.9725
3467 13.9106
3468 13.9557
3469 14.0211
3470 13.9517
3471 14.0426
3472 13.9536
3473 13.9247
3474 13.8286
3475 13.7174
3476 13.7937
3477 13.6668
3478 13.5649
3479 13.673
3480 13.5838
3481 13.5283
3482 13.6404
3483 13.7232
3484 13.7614
3485 13.9
3486 13.8076
3487 13.9109
3488 13.8689
3489 14.0003
3490 13.9468
3491 14.0062
3492 14.0937
3493 14.0664
3494 14.0501
3495 14.1356
3496 14.2037
3497 14.2106
3498 14.2583
3499 14.3595
3500 14.5909
3501 14.5236
3502 14.4758
3503 14.2732
3504 14.1702
3505 14.1307
3506 14.2019
3507 14.1329
3508 14.0856
3509 14.0946
3510 14.1662
3511 14.1544
3512 14.1686
3513 14.1093
3514 14.2199
3515 14.1639
3516 14.1264
3517 14.1632
3518 14.2162
3519 14.257
3520 14.2332
3521 14.3454
3522 14.3693
3523 14.4528
3524 14.5854
3525 14.6176
3526 14.5803
3527 14.6416
3528 14.6797
3529 14.7375
3530 14.7865
3531 14.7056
3532 14.7641
3533 14.8085
3534 14.9771
3535 14.9799
3536 14.9667
3537 14.99
3538 15.1186
3539 15.1609
3540 15.1033
3541 15.3
3542 15.4011
3543 15.5073
3544 15.5387
3545 15.4527
3546 15.4973
3547 15.4795
3548 15.5256
3549 15.6394
3550 15.7732
3551 15.7354
3552 15.8761
3553 16.006
3554 16.0731
3555 15.9835
3556 15.9856
3557 16.0474
3558 16.0834
3559 16.1376
3560 15.9373
3561 15.9965
3562 15.9173
3563 15.9102
3564 15.8915
3565 15.9643
3566 15.9312
3567 15.9393
3568 15.9658
3569 16.1253
3570 15.93
3571 15.9049
3572 15.9341
3573 15.9375
3574 15.9559
3575 15.9951
3576 16.0833
3577 16.0866
3578 15.9403
3579 15.9539
3580 15.8543
3581 15.7509
3582 15.7158
3583 15.6643
3584 15.5313
3585 15.4252
3586 15.4537
3587 15.3997
3588 15.4773
3589 15.387
3590 15.2354
3591 15.1064
3592 15.0222
3593 15.0195
3594 14.9942
3595 14.9867
3596 15.0483
3597 15.0144
3598 15.0774
3599 15.175
3600 15.1132
3601 15.1182
3602 15.1172
3603 15.1481
3604 15.0976
3605 15.113
3606 15.0726
3607 15.0554
3608 14.9699
3609 14.9629
3610 15.0553
3611 15.1334
3612 15.1202
3613 15.0775
3614 15.0652
3615 15.0633
3616 15.0943
3617 15.105
3618 15.1556
3619 15.1399
3620 15.2409
3621 15.2129
3622 15.253
3623 15.1673
3624 15.1343
3625 15.0169
3626 15.1227
3627 15.1263
3628 15.081
3629 15.0697
3630 14.9888
3631 14.9617
3632 14.9651
3633 15.0356
3634 15.0241
3635 15.0429
3636 15.1153
3637 15.1465
3638 15.1629
3639 15.1696
3640 15.1204
3641 15.1162
3642 15.1769
3643 15.3323
3644 15.2051
3645 15.1258
3646 15.2652
3647 15.1937
3648 15.2444
3649 15.393
3650 15.4791
3651 15.4324
3652 15.5136
3653 15.6066
3654 15.6171
3655 15.6176
3656 15.7093
3657 15.6907
3658 15.7032
3659 15.783
3660 15.9005
3661 15.7655
3662 15.8953
3663 15.858
3664 15.8624
3665 15.8342
3666 15.9413
3667 15.8736
3668 15.9508
3669 15.9203
3670 15.9787
3671 16.1629
3672 16.1447
3673 16.0654
3674 16.0741
3675 16.1813
3676 16.0068
3677 16.0195
3678 15.9273
3679 15.7858
3680 15.779
3681 15.7621
3682 15.7263
3683 15.7721
3684 15.8419
3685 15.8431
3686 15.8012
3687 15.8942
3688 15.7987
3689 15.6946
3690 15.7511
3691 15.8817
3692 15.7651
3693 15.9548
3694 15.9318
3695 15.9539
3696 15.8523
3697 15.8093
3698 15.7862
3699 15.7687
3700 15.8588
3701 15.7312
3702 15.7819
3703 15.8543
3704 15.7866
3705 15.6594
3706 15.5259
3707 15.4288
3708 15.5448
3709 15.3835
3710 15.3678
3711 15.4478
3712 15.5062
3713 15.3876
3714 15.3914
3715 15.4322
3716 15.3139
3717 15.303
3718 15.0758
3719 14.9323
3720 14.7776
3721 14.8714
3722 14.7729
3723 14.8034
3724 14.7754
3725 14.7142
3726 14.6285
3727 14.6575
3728 14.6187
3729 14.738
3730 14.7179
3731 14.4487
3732 14.5139
3733 14.5113
3734 14.5575
3735 14.4873
3736 14.4308
3737 14.4209
3738 14.5044
3739 14.4527
3740 14.442
3741 14.3711
3742 14.3764
3743 14.3312
3744 14.248
3745 14.3383
3746 14.3645
3747 14.4156
3748 14.4094
3749 14.4152
3750 14.4503
3751 14.3844
3752 14.4334
3753 14.437
3754 14.5761
3755 14.3673
3756 14.1878
3757 14.0184
3758 13.9939
3759 14.0776
3760 14.1759
3761 14.0407
3762 14.1775
3763 14.1226
3764 14.2019
3765 14.1716
3766 14.3025
3767 14.2269
3768 14.1948
3769 14.2464
3770 14.4297
3771 14.4394
3772 14.5586
3773 14.5904
3774 14.6748
3775 14.6818
3776 14.7285
3777 14.658
3778 14.5624
3779 14.6516
3780 14.687
3781 14.5397
3782 14.5848
3783 14.5793
3784 14.6425
3785 14.7157
3786 14.8115
3787 14.812
3788 14.8195
3789 14.8015
3790 14.8898
3791 14.9037
3792 14.8483
3793 14.8841
3794 14.9285
3795 15.0392
3796 15.0646
3797 15.1253
3798 15.0463
3799 15.1143
3800 15.3202
3801 15.2298
3802 15.1967
3803 15.2875
3804 15.3031
3805 15.3995
3806 15.4773
3807 15.5498
3808 15.5784
3809 15.6832
3810 15.7008
3811 15.7492
3812 15.8419
3813 15.8982
3814 16.0178
3815 16.0388
3816 15.9817
3817 16.0046
3818 15.8708
3819 15.9253
3820 15.9963
3821 16.092
3822 16.0778
3823 16.1422
3824 16.2167
3825 16.1793
3826 16.174
3827 16.1651
3828 15.9763
3829 16.0989
3830 16.1285
3831 16.1556
3832 16.1833
3833 16.0806
3834 16.0426
3835 15.9763
3836 15.9049
3837 15.9552
3838 16.0104
3839 16.0384
3840 16.0163
3841 15.9103
3842 15.9877
3843 15.7674
3844 15.578
3845 15.5057
3846 15.3995
3847 15.3953
3848 15.4196
3849 15.4044
3850 15.3879
3851 15.3626
3852 15.3657
3853 15.4001
3854 15.4957
3855 15.5442
3856 15.6498
3857 15.7221
3858 15.758
3859 15.6948
3860 15.7305
3861 15.6805
3862 15.5764
3863 15.6259
3864 15.7431
3865 15.7802
3866 15.7573
3867 15.8337
3868 15.8733
3869 15.6857
3870 15.7076
3871 15.7285
3872 15.6612
3873 15.6061
3874 15.4163
3875 15.4742
3876 15.5448
3877 15.697
3878 15.6797
3879 15.73
3880 15.6532
3881 15.4235
3882 15.4946
3883 15.3473
3884 15.2811
3885 15.2827
3886 15.2881
3887 15.3582
3888 15.4353
3889 15.3963
3890 15.6369
3891 15.6321
3892 15.5881
3893 15.6002
3894 15.6823
3895 15.7233
3896 15.5929
3897 15.5313
3898 15.5126
3899 15.386
3900 15.4764
3901 15.4386
3902 15.3103
3903 15.3486
3904 15.4657
3905 15.4417
3906 15.4611
3907 15.4197
3908 15.389
3909 15.2573
3910 15.3256
3911 15.3184
3912 15.1584
3913 15.1169
3914 15.0424
3915 15.0728
3916 15.0871
3917 15.0818
3918 15.1955
3919 15.1392
3920 15.3038
3921 15.2002
3922 15.2906
3923 15.3239
3924 15.3109
3925 15.2818
3926 15.2517
3927 15.3582
3928 15.2811
3929 15.4677
3930 15.4672
3931 15.4414
3932 15.3363
3933 15.3886
3934 15.3694
3935 15.3073
3936 15.3244
3937 15.285
3938 15.4778
3939 15.5333
3940 15.5017
3941 15.5606
3942 15.5304
3943 15.7062
3944 15.7368
3945 15.7446
3946 15.6959
3947 15.7292
3948 15.7516
3949 15.6094
3950 15.6255
3951 15.6633
3952 15.6575
3953 15.7572
3954 15.9047
3955 15.9899
3956 15.8699
3957 15.8334
3958 15.9133
3959 15.8979
3960 15.8219
3961 15.8301
3962 15.8962
3963 15.7827
3964 15.8153
3965 15.8595
3966 15.7351
3967 15.6093
3968 15.5261
3969 15.588
3970 15.5415
3971 15.5038
3972 15.5125
3973 15.4087
3974 15.3732
3975 15.3999
3976 15.2906
3977 15.2988
3978 15.1798
3979 15.2049
3980 15.1615
3981 15.272
3982 15.1593
3983 15.1748
3984 15.1703
3985 15.105
3986 15.0688
3987 15.0623
3988 15.0819
3989 15.0868
3990 15.1166
3991 15.122
3992 15.1647
3993 15.1899
3994 15.1875
3995 15.2092
3996 15.2542
3997 15.3602
3998 15.316
3999 15.4211
4000 15.4009
4001 15.4585
4002 15.4628
4003 15.549
4004 15.6233
4005 15.6564
4006 15.5078
4007 15.5526
4008 15.6902
4009 15.6574
4010 15.5721
4011 15.4261
4012 15.3464
4013 15.4764
4014 15.5178
4015 15.2717
4016 15.225
4017 15.1603
4018 15.0637
4019 15.0976
4020 15.1388
4021 15.0821
4022 15.2581
4023 15.1786
4024 15.2797
4025 15.2272
4026 15.2747
4027 15.2519
4028 15.2815
4029 15.346
4030 15.2915
4031 15.3147
4032 15.2621
4033 15.1811
4034 15.0679
4035 14.9982
4036 15.1028
4037 15.1504
4038 15.0596
4039 15.1598
4040 15.2038
4041 15.2116
4042 15.1998
4043 15.1444
4044 15.0423
4045 15.094
4046 15.0043
4047 15.0042
4048 14.9872
4049 15.1296
4050 15.2396
4051 15.3609
4052 15.4335
4053 15.4003
4054 15.4917
4055 15.4506
4056 15.3478
4057 15.3471
4058 15.4327
4059 15.4257
4060 15.3793
4061 15.2455
4062 15.3468
4063 15.3787
4064 15.35
4065 15.3403
4066 15.4013
4067 15.3674
4068 15.4554
4069 15.504
4070 15.5833
4071 15.5065
4072 15.6064
4073 15.67
4074 15.8349
4075 15.9771
4076 15.8249
4077 15.7618
4078 15.8402
4079 15.7984
4080 15.6514
4081 15.5708
4082 15.6714
4083 15.5263
4084 15.4379
4085 15.4568
4086 15.4251
4087 15.404
4088 15.3818
4089 15.3399
4090 15.3657
4091 15.321
4092 15.3862
4093 15.4488
4094 15.4567
4095 15.5206
4096 15.4209
4097 15.5209
4098 15.633
4099 15.5316
4100 15.4322
4101 15.3877
4102 15.3538
4103 15.2925
4104 15.2431
4105 15.1714
4106 15.0697
4107 15.1674
4108 15.2884
4109 15.3683
4110 15.2952
4111 15.2203
4112 15.1353
4113 15.1906
4114 15.1891
4115 15.1334
4116 15.1485
4117 15.1296
4118 15.1252
4119 15.1485
4120 15.0927
4121 15.1469
4122 15.2866
4123 15.3675
4124 15.3953
4125 15.5184
4126 15.4034
4127 15.2264
4128 15.2593
4129 15.2813
4130 15.2079
4131 15.1721
4132 15.2208
4133 15.3334
4134 15.2251
4135 15.1854
4136 15.3138
4137 15.4233
4138 15.3973
4139 15.397
4140 15.3993
4141 15.4457
4142 15.4163
4143 15.4348
4144 15.6153
4145 15.6131
4146 15.6164
4147 15.5447
4148 15.4266
4149 15.4017
4150 15.3881
4151 15.3741
4152 15.5853
4153 15.6509
4154 15.7156
4155 15.6982
4156 15.5906
4157 15.6404
4158 15.6989
4159 15.7836
4160 15.7335
4161 15.7753
4162 15.8411
4163 15.7926
4164 15.7962
4165 15.8672
4166 15.8094
4167 15.8053
4168 15.7848
4169 15.7636
4170 15.8439
4171 15.9038
4172 15.9677
4173 16.0406
4174 15.9567
4175 15.9921
4176 16.1209
4177 16.0686
4178 16.0371
4179 16.0052
4180 15.9106
4181 15.8654
4182 15.8475
4183 15.7239
4184 15.7551
4185 15.761
4186 15.7348
4187 15.7723
4188 15.7225
4189 15.6472
4190 15.649
4191 15.4339
4192 15.5086
4193 15.5982
4194 15.6505
4195 15.7323
4196 15.7728
4197 15.9534
4198 15.9303
4199 15.9427
4200 15.8802
4201 15.8882
4202 15.8725
4203 15.6964
4204 15.8331
4205 15.7877
4206 15.8315
4207 15.6358
4208 15.4996
4209 15.5818
4210 15.3742
4211 15.2667
4212 15.3097
4213 15.2505
4214 15.2786
4215 15.3611
4216 15.3611
4217 15.3208
4218 15.3477
4219 15.3196
4220 15.302
4221 15.32
4222 15.3459
4223 15.3024
4224 15.2506
4225 15.3166
4226 15.2917
4227 15.2281
4228 15.0819
4229 14.9561
4230 14.9221
4231 15.0141
4232 14.9838
4233 14.9547
4234 14.9816
4235 15.0563
4236 14.9395
4237 14.9671
4238 14.8884
4239 14.8816
4240 14.9798
4241 14.9221
4242 14.878
4243 15.0176
4244 15.0406
4245 15.0356
4246 15.0527
4247 15.0851
4248 15.1001
4249 15.0898
4250 15.1109
4251 15.2241
4252 15.1709
4253 15.127
4254 15.1018
4255 15.0981
4256 15.1493
4257 15.138
4258 15.2157
4259 15.1587
4260 15.191
4261 15.272
4262 15.2438
4263 15.2884
4264 15.2709
4265 15.2598
4266 15.3418
4267 15.4719
4268 15.4883
4269 15.4919
4270 15.3636
4271 15.4567
4272 15.2597
4273 15.2143
4274 15.2405
4275 15.2209
4276 15.1947
4277 15.1179
4278 14.9942
4279 14.9873
4280 15.0078
4281 15.0628
4282 14.9987
4283 15.0292
4284 14.9597
4285 14.8404
4286 14.9539
4287 14.9747
4288 14.8892
4289 14.9334
4290 14.7802
4291 14.8487
4292 14.7452
4293 14.9018
4294 14.8744
4295 14.9658
4296 14.8943
4297 14.8542
4298 14.8847
4299 14.8717
4300 14.968
4301 15.1358
4302 15.072
4303 15.1293
4304 15.203
4305 15.2631
4306 15.227
4307 15.1894
4308 15.1199
4309 15.1685
4310 15.1796
4311 15.2288
4312 15.2439
4313 15.3508
4314 15.2825
4315 15.376
4316 15.3209
4317 15.2462
4318 15.236
4319 15.2079
4320 15.1104
4321 15.088
4322 15.1046
4323 15.0249
4324 14.985
4325 14.9436
4326 15.0013
4327 14.8865
4328 14.802
4329 14.8118
4330 14.9982
4331 15.0022
4332 14.944
4333 14.8232
4334 14.8756
4335 14.9265
4336 14.9267
4337 15.0262
4338 15.0602
4339 15.207
4340 15.1053
4341 15.0677
4342 15.1841
4343 15.1827
4344 15.0474
4345 14.9279
4346 15.0838
4347 15.0827
4348 14.9964
4349 14.9654
4350 14.9622
4351 15.0374
4352 15.1293
4353 15.1731
4354 15.2168
4355 15.1715
4356 15.1785
4357 15.3002
4358 15.458
4359 15.365
4360 15.367
4361 15.3812
4362 15.5444
4363 15.5544
4364 15.5229
4365 15.7086
4366 15.8062
4367 15.7746
4368 15.8249
4369 15.8857
4370 15.8507
4371 16.0028
4372 16.0411
4373 16.0619
4374 16.1255
4375 16.1227
4376 16.27
4377 16.1574
4378 16.1244
4379 16.0739
4380 16.0835
4381 16.2204
4382 16.1492
4383 16.0812
4384 16.1614
4385 16.1197
4386 16.2481
4387 16.2914
4388 16.2693
4389 16.3045
4390 16.2986
4391 16.3531
4392 16.3165
4393 16.4436
4394 16.3957
4395 16.4676
4396 16.4812
4397 16.3449
4398 16.2841
4399 16.481
4400 16.4992
4401 16.546
4402 16.5161
4403 16.6718
4404 16.7392
4405 16.7636
4406 16.8132
4407 16.8098
4408 16.9262
4409 17.0145
4410 16.9607
4411 16.9846
4412 16.915
4413 16.8875
4414 16.8281
4415 16.93
4416 16.9329
4417 17.0482
4418 17.0947
4419 16.9884
4420 17.0351
4421 17.1018
4422 17.1375
4423 17.1568
4424 17.03
4425 17.1214
4426 17.226
4427 17.268
4428 17.3203
4429 17.3728
4430 17.3845
4431 17.3992
4432 17.5588
4433 17.6368
4434 17.6839
4435 17.6815
4436 17.5702
4437 17.6805
4438 17.6702
4439 17.6244
4440 17.5665
4441 17.5617
4442 17.639
4443 17.6429
4444 17.8327
4445 17.8729
4446 17.885
4447 17.9137
4448 17.9767
4449 17.9678
4450 17.9587
4451 17.9542
4452 17.9078
4453 17.9879
4454 18.0541
4455 17.9538
4456 18.0178
4457 18.1346
4458 18.0572
4459 17.9878
4460 17.8374
4461 17.7717
4462 17.9472
4463 17.9191
4464 17.8523
4465 17.9916
4466 18.051
4467 17.9997
4468 17.9901
4469 17.9882
4470 18.0042
4471 17.9793
4472 18.0814
4473 18.1147
4474 18.2227
4475 18.1669
4476 18.0716
4477 17.9484
4478 18.0628
4479 18.2325
4480 18.2879
4481 18.2344
4482 18.343
4483 18.3249
4484 18.2133
4485 18.2903
4486 18.134
4487 18.1931
4488 18.0878
4489 18.0608
4490 18.0149
4491 18.1534
4492 18.2205
4493 18.2006
4494 18.0699
4495 18.1425
4496 18.0336
4497 17.9962
4498 18.1207
4499 17.9997
4500 18.0823
4501 18.0474
4502 17.86
4503 17.8965
4504 17.8542
4505 17.7285
4506 17.6432
4507 17.7034
4508 17.6483
4509 17.5716
4510 17.4677
4511 17.3411
4512 17.3799
4513 17.3081
4514 17.4238
4515 17.3468
4516 17.4269
4517 17.5041
4518 17.5592
4519 17.6093
4520 17.5633
4521 17.4238
4522 17.3503
4523 17.3432
4524 17.3331
4525 17.465
4526 17.4847
4527 17.284
4528 17.2734
4529 17.2871
4530 17.3417
4531 17.2127
4532 17.3069
4533 17.2913
4534 17.2119
4535 17.3073
4536 17.2857
4537 17.2306
4538 17.0702
4539 16.9822
4540 17.0973
4541 16.9597
4542 16.7038
4543 16.6594
4544 16.422
4545 16.4355
4546 16.5612
4547 16.611
4548 16.4769
4549 16.5872
4550 16.5374
4551 16.4294
4552 16.4058
4553 16.2861
4554 16.3457
4555 16.393
4556 16.3408
4557 16.3052
4558 16.327
4559 16.3719
4560 16.4803
4561 16.4893
4562 16.5077
4563 16.5686
4564 16.5655
4565 16.7033
4566 16.6948
4567 16.6436
4568 16.6111
4569 16.6067
4570 16.6645
4571 16.6349
4572 16.4977
4573 16.6418
4574 16.7461
4575 16.6205
4576 16.5561
4577 16.4696
4578 16.5877
4579 16.5416
4580 16.5842
4581 16.442
4582 16.4737
4583 16.4768
4584 16.4927
4585 16.4655
4586 16.4231
4587 16.495
4588 16.4437
4589 16.2579
4590 16.2664
4591 16.1934
4592 16.2312
4593 16.0704
4594 16.1231
4595 16.1964
4596 16.0656
4597 16.0271
4598 15.9327
4599 15.9042
4600 15.8548
4601 15.8633
4602 15.7652
4603 15.7093
4604 15.6963
4605 15.7969
4606 15.6746
4607 15.66
4608 15.654
4609 15.5244
4610 15.4706
4611 15.4626
4612 15.4766
4613 15.3683
4614 15.429
4615 15.3945
4616 15.3069
4617 15.3778
4618 15.4634
4619 15.4518
4620 15.6289
4621 15.7554
4622 15.7683
4623 15.7208
4624 15.68
4625 15.5975
4626 15.4888
4627 15.4836
4628 15.4982
4629 15.4867
4630 15.4897
4631 15.4713
4632 15.5135
4633 15.4174
4634 15.489
4635 15.5793
4636 15.5309
4637 15.491
4638 15.5821
4639 15.5082
4640 15.4962
4641 15.4454
4642 15.3815
4643 15.4884
4644 15.5791
4645 15.649
4646 15.6452
4647 15.5864
4648 15.7015
4649 15.7657
4650 15.7573
4651 15.8016
4652 15.7665
4653 15.4701
4654 15.4201
4655 15.3055
4656 15.4266
4657 15.3368
4658 15.3217
4659 15.4457
4660 15.353
4661 15.4287
4662 15.4201
4663 15.4093
4664 15.3509
4665 15.4457
4666 15.4516
4667 15.2876
4668 15.2401
4669 15.2729
4670 15.2968
4671 15.1343
4672 15.1881
4673 15.2006
4674 15.2196
4675 15.1423
4676 15.191
4677 15.3384
4678 15.3235
4679 15.3632
4680 15.2663
4681 15.233
4682 15.334
4683 15.2258
4684 15.3892
4685 15.4161
4686 15.4061
4687 15.4235
4688 15.2517
4689 15.2724
4690 15.4442
4691 15.5239
4692 15.486
4693 15.7494
4694 15.762
4695 15.7959
4696 15.8748
4697 15.8861
4698 15.9672
4699 15.9377
4700 15.8641
4701 15.8506
4702 15.894
4703 15.8673
4704 15.9201
4705 15.7605
4706 15.7997
4707 15.7136
4708 15.7785
4709 15.6748
4710 15.6948
4711 15.7445
4712 15.7139
4713 15.7459
4714 15.7889
4715 15.7417
4716 15.7407
4717 15.8144
4718 15.6732
4719 15.6671
4720 15.5935
4721 15.6126
4722 15.6966
4723 15.739
4724 15.7561
4725 15.7574
4726 15.5388
4727 15.6411
4728 15.7273
4729 15.801
4730 15.8018
4731 15.8283
4732 15.894
4733 16.0455
4734 15.965
4735 15.8927
4736 15.9128
4737 15.9725
4738 15.902
4739 15.9619
4740 15.9479
4741 16.0067
4742 15.8709
4743 15.9146
4744 16.0538
4745 16.2103
4746 16.3838
4747 16.4551
4748 16.4526
4749 16.31
4750 16.1992
4751 16.2777
4752 16.205
4753 16.3137
4754 16.3478
4755 16.3147
4756 16.356
4757 16.3275
4758 16.2665
4759 16.2664
4760 16.3832
4761 16.4186
4762 16.3586
4763 16.5244
4764 16.4778
4765 16.5112
4766 16.5635
4767 16.5625
4768 16.6877
4769 16.7172
4770 16.6945
4771 16.7565
4772 16.779
4773 16.8226
4774 16.8405
4775 16.7803
4776 16.8324
4777 16.8579
4778 16.9167
4779 16.8179
4780 16.7517
4781 16.761
4782 16.7503
4783 16.7563
4784 16.8835
4785 16.8801
4786 16.9136
4787 16.8873
4788 16.812
4789 16.8535
4790 16.8519
4791 16.8346
4792 16.8323
4793 16.8063
4794 16.7602
4795 16.733
4796 16.6229
4797 16.5604
4798 16.5325
4799 16.4868
4800 16.4918
4801 16.3587
4802 16.401
4803 16.4078
4804 16.4973
4805 16.4248
4806 16.5181
4807 16.4131
4808 16.3261
4809 16.3949
4810 16.4655
4811 16.4432
4812 16.4449
4813 16.4679
4814 16.5177
4815 16.4468
4816 16.4228
4817 16.4292
4818 16.2231
4819 16.1878
4820 16.1744
4821 16.0788
4822 16.0681
4823 16.0026
4824 16.1395
4825 16.0817
4826 15.9846
4827 15.8973
4828 16.0577
4829 16.0255
4830 16.0085
4831 16.054
4832 16.0768
4833 16.1404
4834 16.2867
4835 16.2507
4836 16.2537
4837 16.3352
4838 16.3857
4839 16.4308
4840 16.5486
4841 16.6034
4842 16.514
4843 16.504
4844 16.5127
4845 16.467
4846 16.5423
4847 16.5549
4848 16.6311
4849 16.6759
4850 16.678
4851 16.6843
4852 16.7153
4853 16.7429
4854 16.6712
4855 16.7134
4856 16.7901
4857 16.9165
4858 16.8425
4859 16.8946
4860 16.8565
4861 16.7066
4862 16.6669
4863 16.6803
4864 16.6291
4865 16.5909
4866 16.3625
4867 16.3872
4868 16.3833
4869 16.3425
4870 16.1855
4871 16.3105
4872 16.2907
4873 16.2966
4874 16.2314
4875 16.2301
4876 16.1918
4877 16.0837
4878 16.1323
4879 16.1494
4880 16.1538
4881 16.0161
4882 16.0186
4883 15.9975
4884 16.0176
4885 16.0136
4886 16.0123
4887 15.936
4888 15.9268
4889 15.7937
4890 15.7597
4891 15.8056
4892 15.7817
4893 15.7987
4894 15.782
4895 15.7571
4896 15.7091
4897 15.5983
4898 15.6361
4899 15.7342
4900 15.7308
4901 15.7551
4902 15.7077
4903 15.7066
4904 15.6111
4905 15.7558
4906 15.7748
4907 15.7653
4908 15.6993
4909 15.642
4910 15.7013
4911 15.5853
4912 15.6269
4913 15.5981
4914 15.5944
4915 15.5178
4916 15.4828
4917 15.425
4918 15.4287
4919 15.5312
4920 15.4551
4921 15.5
4922 15.4751
4923 15.4833
4924 15.4377
4925 15.2425
4926 15.2549
4927 15.3067
4928 15.2925
4929 15.2588
4930 15.2968
4931 15.1663
4932 15.1235
4933 15.1283
4934 15.031
4935 15.0652
4936 14.9943
4937 14.9205
4938 14.9151
4939 14.998
4940 15.0241
4941 15.1231
4942 15.0954
4943 15.2063
4944 15.1815
4945 15.197
4946 15.2316
4947 15.1984
4948 15.1197
4949 15.1545
4950 14.9948
4951 15.0126
4952 15.1064
4953 15.1892
4954 15.148
4955 15.1839
4956 15.3111
4957 15.241
4958 15.1951
4959 15.2552
4960 15.2002
4961 15.2131
4962 15.3681
4963 15.431
4964 15.4182
4965 15.4813
4966 15.4456
4967 15.5065
4968 15.5587
4969 15.5164
4970 15.5673
4971 15.5041
4972 15.4288
4973 15.6321
4974 15.6644
4975 15.6377
4976 15.6173
4977 15.5501
4978 15.5434
4979 15.5176
4980 15.5865
4981 15.5655
4982 15.5184
4983 15.5329
4984 15.5408
4985 15.5723
4986 15.5816
4987 15.6215
4988 15.6595
4989 15.6568
4990 15.6255
4991 15.7126
4992 15.7431
4993 15.9208
4994 16.0483
4995 15.9781
4996 16.1177
4997 16.1495
4998 16.05
4999 16.0273
5000 16.0752
5001 16.1705
5002 16.2285
5003 16.2732
5004 16.2583
5005 16.1949
5006 16.1868
5007 16.0141
5008 15.9402
5009 15.971
5010 15.9547
5011 15.8383
5012 15.6714
5013 15.7872
5014 15.7324
5015 15.8686
5016 15.9832
5017 15.9365
5018 16.0048
5019 15.9722
5020 15.9561
5021 15.8924
5022 15.8548
5023 15.7342
5024 15.7872
5025 15.7482
5026 15.775
5027 15.8813
5028 15.8492
5029 15.7335
5030 15.6792
5031 15.6786
5032 15.685
5033 15.7663
5034 15.767
5035 15.8638
5036 15.8338
5037 15.7048
5038 15.7056
5039 15.5875
5040 15.671
5041 15.6208
5042 15.5765
5043 15.5164
5044 15.4542
5045 15.6099
5046 15.5776
5047 15.6121
5048 15.6117
5049 15.5931
5050 15.5565
5051 15.5366
5052 15.5497
5053 15.6071
5054 15.5362
5055 15.5742
5056 15.5473
5057 15.5131
5058 15.5372
5059 15.5233
5060 15.4814
5061 15.4652
5062 15.3919
5063 15.3494
5064 15.2691
5065 15.3595
5066 15.4616
5067 15.4848
5068 15.3732
5069 15.3629
5070 15.2702
5071 15.3325
5072 15.3397
5073 15.3083
5074 15.3723
5075 15.2661
5076 15.1013
5077 14.9747
5078 14.91
5079 15.015
5080 15.0672
5081 14.9926
5082 14.9595
5083 14.9548
5084 15.0018
5085 15.1797
5086 15.1066
5087 15.1514
5088 15.1028
5089 15.2307
5090 15.2021
5091 15.3282
5092 15.1704
5093 15.2213
5094 15.2242
5095 15.2348
5096 15.2194
5097 15.2503
5098 15.2811
5099 15.3059
5100 15.2357
5101 15.1729
5102 15.1138
5103 15.1602
5104 15.1155
5105 15.1422
5106 15.2023
5107 15.2397
5108 15.1735
5109 15.0919
5110 15.1026
5111 15.2061
5112 15.1985
5113 15.1175
5114 15.0723
5115 15.2139
5116 15.1528
5117 15.3123
5118 15.225
5119 15.0947
5120 15.0687
5121 15.1148
5122 15.1582
5123 15.1514
5124 15.3075
5125 15.3204
5126 15.4445
5127 15.426
5128 15.6354
5129 15.73
5130 15.6894
5131 15.7539
5132 15.7522
5133 15.7475
5134 15.7448
5135 15.7855
5136 15.7668
5137 15.881
5138 15.8855
5139 15.972
5140 16.0062
5141 16.0153
5142 15.9734
5143 16.0482
5144 16.1164
5145 16.1029
5146 16.1844
5147 16.2654
5148 16.4561
5149 16.4309
5150 16.48
5151 16.4728
5152 16.5145
5153 16.3958
5154 16.4111
5155 16.5356
5156 16.5305
5157 16.4871
5158 16.5526
5159 16.4971
5160 16.6188
5161 16.6169
5162 16.6427
5163 16.7385
5164 16.7636
5165 16.9162
5166 16.9389
5167 16.9589
5168 16.9022
5169 16.7511
5170 16.9186
5171 16.7898
5172 16.7605
5173 16.7523
5174 16.9232
5175 16.8009
5176 16.7164
5177 16.7979
5178 16.8468
5179 16.9066
5180 16.875
5181 16.8808
5182 17.0045
5183 17.1029
5184 17.2251
5185 17.1572
5186 17.2299
5187 17.3144
5188 17.3614
5189 17.3859
5190 17.3531
5191 17.4065
5192 17.5199
5193 17.443
5194 17.6016
5195 17.4775
5196 17.5357
5197 17.357
5198 17.3776
5199 17.3071
5200 17.3798
5201 17.527
5202 17.4937
5203 17.4306
5204 17.3676
5205 17.3633
5206 17.4784
5207 17.4847
5208 17.5428
5209 17.6074
5210 17.5849
5211 17.5887
5212 17.5079
5213 17.4163
5214 17.6022
5215 17.6673
5216 17.4715
5217 17.4186
5218 17.4627
5219 17.5578
5220 17.5767
5221 17.7567
5222 17.8661
5223 17.926
5224 17.9772
5225 17.9533
5226 17.9811
5227 17.9477
5228 17.971
5229 18.1033
5230 18.0374
5231 17.9735
5232 18.1082
5233 18.1344
5234 18.1801
5235 18.1215
5236 18.0767
5237 18.0821
5238 17.9773
5239 17.8469
5240 17.7845
5241 17.8009
5242 17.9226
5243 17.78
5244 17.7726
5245 17.7705
5246 17.8214
5247 17.7277
5248 17.778
5249 17.7714
5250 17.8398
5251 17.7658
5252 17.8635
5253 17.8725
5254 17.8478
5255 17.9022
5256 17.9525
5257 17.9392
5258 17.9078
5259 18.0074
5260 17.9685
5261 18.0077
5262 18.1334
5263 17.9839
5264 17.9605
5265 18.0328
5266 17.9816
5267 18.0208
5268 18.2066
5269 18.1736
5270 18.0475
5271 17.9784
5272 17.8221
5273 17.7062
5274 17.789
5275 17.6581
5276 17.5915
5277 17.6445
5278 17.6184
5279 17.4605
5280 17.4861
5281 17.4945
5282 17.5968
5283 17.6914
5284 17.6783
5285 17.7367
5286 17.6553
5287 17.7962
5288 17.7494
5289 17.6729
5290 17.7692
5291 17.7647
5292 17.8449
5293 17.8855
5294 17.958
5295 17.9665
5296 17.8403
5297 17.874
5298 17.7941
5299 17.7776
5300 17.7649
5301 17.6699
5302 17.7985
5303 17.7698
5304 17.6357
5305 17.5991
5306 17.7482
5307 17.6761
5308 17.7406
5309 17.7842
5310 17.8384
5311 17.8237
5312 17.682
5313 17.6745
5314 17.7037
5315 17.6216
5316 17.6823
5317 17.7769
5318 17.7131
5319 17.766
5320 17.6496
5321 17.53
5322 17.6684
5323 17.6254
5324 17.6059
5325 17.7045
5326 17.6795
5327 17.7195
5328 17.7941
5329 17.8771
5330 17.7698
5331 17.9747
5332 18.0665
5333 18.0122
5334 17.914
5335 17.9596
5336 18.0399
5337 18.086
5338 18.0421
5339 18.0795
5340 18.0698
5341 18.0519
5342 18.1532
5343 18.0757
5344 18.0773
5345 18.0341
5346 17.9301
5347 17.8064
5348 17.828
5349 17.7582
5350 17.7385
5351 17.7747
5352 17.8054
5353 17.8769
5354 17.9274
5355 17.7625
5356 17.8008
5357 17.6916
5358 17.7014
5359 17.6283
5360 17.5849
5361 17.6885
5362 17.7253
5363 17.7973
5364 17.9297
5365 17.8973
5366 17.8707
5367 17.7348
5368 17.8083
5369 17.9087
5370 17.8602
5371 17.8294
5372 17.7288
5373 17.6573
5374 17.6924
5375 17.6476
5376 17.6931
5377 17.7962
5378 17.7045
5379 17.6275
5380 17.7532
5381 17.7186
5382 17.6929
5383 17.8037
5384 17.8445
5385 17.7675
5386 17.6391
5387 17.4709
5388 17.4961
5389 17.5009
5390 17.4618
5391 17.5759
5392 17.6535
5393 17.6709
5394 17.5837
5395 17.6015
5396 17.6696
5397 17.6969
5398 17.7267
5399 17.7053
5400 17.716
5401 17.6982
5402 17.6759
5403 17.7399
5404 17.7072
5405 17.6246
5406 17.6095
5407 17.593
5408 17.468
5409 17.5047
5410 17.4724
5411 17.4144
5412 17.4358
5413 17.5034
5414 17.4308
5415 17.5861
5416 17.5362
5417 17.5196
5418 17.5059
5419 17.5452
5420 17.439
5421 17.526
5422 17.5944
5423 17.5761
5424 17.5899
5425 17.4408
5426 17.4198
5427 17.4619
5428 17.4581
5429 17.5098
5430 17.6475
5431 17.8096
5432 17.8218
5433 17.8547
5434 18.0363
5435 18.047
5436 18.0365
5437 17.9548
5438 17.982
5439 17.9614
5440 18.0904
5441 18.1387
5442 18.0192
5443 17.9796
5444 17.9926
5445 17.9856
5446 18.1791
5447 18.1992
5448 18.1761
5449 18.185
5450 18.3101
5451 18.4597
5452 18.3359
5453 18.258
5454 18.2743
5455 18.2208
5456 18.1965
5457 18.2543
5458 18.1762
5459 18.1804
5460 18.2547
5461 18.2087
5462 18.2884
5463 18.1859
5464 18.2471
5465 18.283
5466 18.1721
5467 18.2276
5468 18.2733
5469 18.2992
5470 18.3137
5471 18.2811
5472 18.2278
5473 18.3305
5474 18.3208
5475 18.3393
5476 18.3952
5477 18.3414
5478 18.3174
5479 18.3689
5480 18.3546
5481 18.2592
5482 18.1921
5483 18.1815
5484 18.1094
5485 18.0629
5486 17.9481
5487 17.8927
5488 17.8693
5489 17.7541
5490 17.6742
5491 17.8097
5492 17.7526
5493 17.7251
5494 17.7472
5495 17.6836
5496 17.6619
5497 17.8008
5498 17.8536
5499 17.8369
5500 17.8333
5501 17.881
5502 17.7848
5503 17.7761
5504 17.7898
5505 17.8226
5506 17.8379
5507 17.6894
5508 17.8192
5509 17.7341
5510 17.6986
5511 17.7583
5512 17.7782
5513 17.8709
5514 17.8704
5515 17.7492
5516 17.6542
5517 17.805
5518 17.7585
5519 17.849
5520 17.8542
5521 17.9604
5522 18.0023
5523 17.9397
5524 18.0411
5525 18.0578
5526 17.9622
5527 18.0446
5528 17.9874
5529 17.9479
5530 18.0493
5531 18.093
5532 18.0989
5533 18.0653
5534 18.0447
5535 17.8961
5536 17.9341
5537 18.0357
5538 18.1506
5539 18.1215
5540 18.1221
5541 18.1708
5542 18.1916
5543 18.1554
5544 18.1139
5545 18.1614
5546 18.2963
5547 18.4266
5548 18.3689
5549 18.2942
5550 18.1959
5551 18.05
5552 18.0301
5553 18.0336
5554 18.0782
5555 18.1036
5556 18.1343
5557 18.2182
5558 18.2886
5559 18.2792
5560 18.2381
5561 18.2034
5562 18.0879
5563 18.0316
5564 18.0346
5565 17.9664
5566 17.9438
5567 17.9803
5568 17.7725
5569 17.8536
5570 17.9219
5571 17.7571
5572 17.7533
5573 17.6187
5574 17.5856
5575 17.6744
5576 17.7216
5577 17.6813
5578 17.6106
5579 17.5259
5580 17.5054
5581 17.4181
5582 17.5065
5583 17.6529
5584 17.6007
5585 17.6268
5586 17.6741
5587 17.6913
5588 17.7714
5589 17.6795
5590 17.6295
5591 17.7277
5592 17.7784
5593 17.9593
5594 17.9236
5595 18.0328
5596 18.0465
5597 18.2091
5598 18.0457
5599 18.1245
5600 18.1556
5601 18.1979
5602 18.2807
5603 18.2206
5604 18.1681
5605 18.0916
5606 17.9682
5607 17.9322
5608 17.8409
5609 17.9947
5610 17.9225
5611 17.9645
5612 17.9778
5613 18.0154
5614 17.9216
5615 17.7983
5616 17.7563
5617 17.7165
5618 17.7349
5619 17.6469
5620 17.6127
5621 17.5467
5622 17.4795
5623 17.3902
5624 17.4377
5625 17.4104
5626 17.4243
5627 17.5649
5628 17.5848
5629 17.4162
5630 17.3822
5631 17.2939
5632 17.2046
5633 17.1552
5634 17.1496
5635 17.1649
5636 17.0074
5637 16.9554
5638 16.894
5639 16.839
5640 16.8195
5641 16.7893
5642 16.7846
5643 16.727
5644 16.8625
5645 16.8938
5646 16.9017
5647 16.8614
5648 16.76
5649 16.9003
5650 16.9026
5651 16.8844
5652 16.9566
5653 16.8758
5654 16.8822
5655 16.7572
5656 16.6986
5657 16.8187
5658 16.7196
5659 16.861
5660 16.9909
5661 16.9044
5662 16.8135
5663 16.8391
5664 16.8518
5665 17.0081
5666 17.0582
5667 16.9842
5668 17.1515
5669 17.1245
5670 17.1213
5671 17.0754
5672 17.0734
5673 16.9436
5674 17.0212
5675 16.9642
5676 16.934
5677 16.847
5678 16.8065
5679 16.8577
5680 16.9806
5681 17.0381
5682 17.0671
5683 17.135
5684 17.1813
5685 17.2751
5686 17.2679
5687 17.268
5688 17.286
5689 17.2369
5690 17.3851
5691 17.5122
5692 17.5016
5693 17.3405
5694 17.3636
5695 17.4941
5696 17.5905
5697 17.5572
5698 17.7308
5699 17.8154
5700 17.7204
5701 17.733
5702 17.7443
5703 17.6006
5704 17.6002
5705 17.6523
5706 17.6497
5707 17.6443
5708 17.6366
5709 17.5507
5710 17.5264
5711 17.5074
5712 17.6733
5713 17.7867
5714 17.8788
5715 17.7155
5716 17.7575
5717 17.804
5718 17.7194
5719 17.6519
5720 17.6829
5721 17.5967
5722 17.5626
5723 17.523
5724 17.5503
5725 17.6155
5726 17.5746
5727 17.6224
5728 17.6519
5729 17.6788
5730 17.6492
5731 17.7386
5732 17.6759
5733 17.5442
5734 17.6112
5735 17.7488
5736 17.7836
5737 17.882
5738 17.7851
5739 17.7637
5740 17.7051
5741 17.7158
5742 17.8221
5743 17.744
5744 17.8798
5745 17.73
5746 17.7491
5747 17.6557
5748 17.6321
5749 17.645
5750 17.6685
5751 17.6891
5752 17.5232
5753 17.4292
5754 17.5022
5755 17.4737
5756 17.4666
5757 17.4849
5758 17.4699
5759 17.5911
5760 17.5885
5761 17.6659
5762 17.7323
5763 17.6855
5764 17.7543
5765 17.8529
5766 17.9093
5767 17.8756
5768 17.9039
5769 17.7246
5770 17.7511
5771 17.7598
5772 17.8034
5773 17.8162
5774 17.7233
5775 17.7178
5776 17.835
5777 17.8653
5778 17.9154
5779 18.0414
5780 18.1087
5781 18.159
5782 18.0433
5783 17.8339
5784 17.9342
5785 17.9738
5786 17.9987
5787 17.9863
5788 17.9371
5789 18.0214
5790 17.9273
5791 17.9025
5792 17.9432
5793 17.9368
5794 17.9372
5795 17.8191
5796 17.9185
5797 17.8523
5798 17.8439
5799 17.9153
5800 17.8286
5801 17.8433
5802 17.9197
5803 18.0012
5804 18.1314
5805 18.1444
5806 18.1609
5807 18.2437
5808 18.4173
5809 18.4127
5810 18.248
5811 18.1412
5812 18.1937
5813 18.1982
5814 18.2985
5815 18.367
5816 18.4926
5817 18.7011
5818 18.7756
5819 18.7427
5820 18.581
5821 18.4239
5822 18.5443
5823 18.4721
5824 18.5537
5825 18.4911
5826 18.4914
5827 18.4064
5828 18.4356
5829 18.3959
5830 18.3744
5831 18.3645
5832 18.3334
5833 18.3182
5834 18.3296
5835 18.3863
5836 18.2669
5837 18.3863
5838 18.4248
5839 18.3308
5840 18.3295
5841 18.5255
5842 18.5028
5843 18.646
5844 18.6412
5845 18.8013
5846 18.8953
5847 18.6283
5848 18.672
5849 18.6763
5850 18.8404
5851 18.959
5852 19.0134
5853 18.9321
5854 18.9599
5855 19.1419
5856 19.0821
5857 19.0195
5858 19.0829
5859 19.0785
5860 18.9866
5861 19.0717
5862 19.1878
5863 19.2908
5864 19.2589
5865 19.3856
5866 19.3826
5867 19.2245
5868 19.1719
5869 19.2235
5870 19.2235
5871 19.1682
5872 19.1805
5873 19.3027
5874 19.2721
5875 19.4124
5876 19.4005
5877 19.434
5878 19.5909
5879 19.5044
5880 19.4944
5881 19.5719
5882 19.6084
5883 19.5537
5884 19.6367
5885 19.5828
5886 19.5651
5887 19.5308
5888 19.5555
5889 19.5405
5890 19.6604
5891 19.6215
5892 19.4878
5893 19.5431
5894 19.4844
5895 19.4616
5896 19.4749
5897 19.4209
5898 19.5078
5899 19.4911
5900 19.5037
5901 19.5169
5902 19.5067
5903 19.4403
5904 19.3509
5905 19.3356
5906 19.2835
5907 19.1738
5908 19.1598
5909 18.9889
5910 18.9961
5911 19.0942
5912 19.1021
5913 19.2027
5914 19.18
5915 19.2094
5916 19.2446
5917 19.1734
5918 19.192
5919 19.1762
5920 19.1704
5921 19.0047
5922 19.0845
5923 19.0704
5924 19.0329
5925 19.0621
5926 19.0304
5927 18.9755
5928 18.9579
5929 18.8688
5930 18.876
5931 18.8387
5932 18.8864
5933 18.8623
5934 18.9213
5935 18.772
5936 18.7688
5937 18.7529
5938 18.8857
5939 18.8733
5940 18.9105
5941 18.8076
5942 18.8542
5943 18.8672
5944 18.9174
5945 18.8308
5946 18.8831
5947 18.8601
5948 18.8824
5949 18.869
5950 18.8131
5951 18.751
5952 18.7709
5953 18.7338
5954 18.761
5955 18.6929
5956 18.6549
5957 18.6931
5958 18.6377
5959 18.6264
5960 18.6208
5961 18.6079
5962 18.6077
5963 18.6273
5964 18.6991
5965 18.6498
5966 18.6393
5967 18.5905
5968 18.5701
5969 18.6542
5970 18.5957
5971 18.536
5972 18.4968
5973 18.4305
5974 18.3683
5975 18.4285
5976 18.4636
5977 18.5238
5978 18.4771
5979 18.3459
5980 18.3597
5981 18.4021
5982 18.5225
5983 18.5165
5984 18.5629
5985 18.4961
5986 18.5931
5987 18.6433
5988 18.632
5989 18.6616
5990 18.7591
5991 18.8187
5992 18.8913
5993 19.0246
5994 18.877
5995 18.8845
5996 18.8885
5997 18.8258
5998 18.8547
5999 18.8775
6000 18.8913
6001 18.7615
6002 18.7643
6003 18.8283
6004 18.7532
6005 18.7681
6006 18.7319
6007 18.771
6008 18.6758
6009 18.6161
6010 18.7841
6011 18.8437
6012 18.865
6013 18.9234
6014 18.9413
6015 19.0551
6016 19.2232
6017 19.1745
6018 19.1787
6019 19.0435
6020 19.0609
6021 19.0005
6022 19.1173
6023 19.1306
6024 19.1103
6025 19.1863
6026 19.1157
6027 19.1786
6028 19.1371
6029 19.0626
6030 19.1521
6031 19.1501
6032 19.1398
6033 19.1559
6034 19.1349
6035 19.2224
6036 19.2172
6037 19.3089
6038 19.1843
6039 19.172
6040 19.1457
6041 19.1618
6042 19.0765
6043 19.0552
6044 18.88
6045 18.9219
6046 18.9235
6047 18.8771
6048 18.746
6049 18.7388
6050 18.794
6051 18.6901
6052 18.6326
6053 18.6627
6054 18.5905
6055 18.4377
6056 18.2862
6057 18.2163
6058 18.228
6059 18.2961
6060 18.2822
6061 18.286
6062 18.3061
6063 18.312
6064 18.3621
6065 18.4069
6066 18.4399
6067 18.4696
6068 18.1975
6069 18.3156
6070 18.2763
6071 18.0224
6072 17.9413
6073 17.9658
6074 17.8495
6075 17.7964
6076 17.7164
6077 17.611
6078 17.4991
6079 17.4746
6080 17.3857
6081 17.3019
6082 17.2375
6083 17.2041
6084 17.2509
6085 17.1877
6086 17.1141
6087 16.9806
6088 16.9916
6089 16.9265
6090 17.003
6091 17.1023
6092 17.0599
6093 17.2309
6094 17.1798
6095 17.1315
6096 17.0683
6097 16.9892
6098 17.1311
6099 17.1684
6100 17.1479
6101 17.3267
6102 17.3423
6103 17.2904
6104 17.3237
6105 17.3076
6106 17.3671
6107 17.214
6108 17.0819
6109 17.0807
6110 17.1072
6111 17.1679
6112 17.0445
6113 17.0879
6114 17.2074
6115 17.245
6116 17.3757
6117 17.3498
6118 17.2848
6119 17.3151
6120 17.4412
6121 17.5102
6122 17.3881
6123 17.2667
6124 17.1303
6125 17.0801
6126 17.137
6127 17.2459
6128 17.2895
6129 17.1791
6130 17.2054
6131 17.1028
6132 17.1463
6133 17.1738
6134 17.0832
6135 17.1474
6136 17.0706
6137 17.0937
6138 17.1545
6139 17.1301
6140 17.1859
6141 17.2425
6142 17.3191
6143 17.2816
6144 17.3088
6145 17.2201
6146 17.0783
6147 17.1568
6148 17.101
6149 17.1271
6150 17.1667
6151 17.2101
6152 17.1262
6153 17.1438
6154 17.1822
6155 17.1855
6156 17.2268
6157 17.2117
6158 17.3098
6159 17.4429
6160 17.2878
6161 17.2794
6162 17.2791
6163 17.2558
6164 17.2471
6165 17.377
6166 17.4233
6167 17.5157
6168 17.519
6169 17.4403
6170 17.4316
6171 17.3429
6172 17.4007
6173 17.5782
6174 17.5505
6175 17.4341
6176 17.3676
6177 17.347
6178 17.2708
6179 17.3758
6180 17.2071
6181 17.1898
6182 17.2087
6183 17.2753
6184 17.2079
6185 17.2577
6186 17.3015
6187 17.4408
6188 17.3345
6189 17.4109
6190 17.3548
6191 17.3024
6192 17.2858
6193 17.2589
6194 17.2696
6195 17.3422
6196 17.4214
6197 17.4521
6198 17.3849
6199 17.3367
6200 17.3851
6201 17.3608
6202 17.2751
6203 17.2527
6204 17.2836
6205 17.2394
6206 17.2161
6207 17.2139
6208 17.2153
6209 17.295
6210 17.2974
6211 17.3381
6212 17.4165
6213 17.3631
6214 17.2802
6215 17.2269
6216 17.2416
6217 17.1169
6218 17.3343
6219 17.34
6220 17.3664
6221 17.3523
6222 17.3105
6223 17.4245
6224 17.5345
6225 17.5956
6226 17.695
6227 17.6271
6228 17.658
6229 17.6022
6230 17.579
6231 17.626
6232 17.5193
6233 17.5857
6234 17.7336
6235 17.7025
6236 17.6152
6237 17.634
6238 17.6491
6239 17.6483
6240 17.6504
6241 17.7961
6242 17.7784
6243 17.8701
6244 17.6314
6245 17.5602
6246 17.5997
6247 17.642
6248 17.7398
6249 17.7795
6250 17.7404
6251 17.766
6252 17.7999
6253 17.9146
6254 18.053
6255 18.2003
6256 18.1556
6257 18.1922
6258 18.2534
6259 18.2437
6260 18.2902
6261 18.3818
6262 18.3289
6263 18.3843
6264 18.4573
6265 18.5257
6266 18.642
6267 18.671
6268 18.6232
6269 18.6411
6270 18.6926
6271 18.7514
6272 18.8243
6273 18.8966
6274 18.9407
6275 19.0128
6276 19.0156
6277 18.9717
6278 19.0093
6279 18.9774
6280 19.0815
6281 19.1647
6282 19.1442
6283 19.1253
6284 19.1493
6285 19.2099
6286 19.0819
6287 19.0836
6288 19.0748
6289 19.1257
6290 19.1016
6291 19.0949
6292 19.1386
6293 19.128
6294 18.8732
6295 18.9239
6296 19.0161
6297 19.0783
6298 19.0048
6299 19.0746
6300 19.0452
6301 19.0485
6302 19.0242
6303 18.9997
6304 18.9627
6305 18.9571
6306 18.8274
6307 18.7659
6308 18.8735
6309 18.9569
6310 18.9206
6311 18.962
6312 18.9561
6313 18.9525
6314 18.8703
6315 19.0264
6316 19.2021
6317 19.2434
6318 19.1807
6319 19.173
6320 19.1594
6321 19.1956
6322 19.4127
6323 19.3643
6324 19.4146
6325 19.3803
6326 19.4261
6327 19.4684
6328 19.542
6329 19.6064
6330 19.6264
6331 19.6395
6332 19.672
6333 19.5873
6334 19.5662
6335 19.552
6336 19.4884
6337 19.2881
6338 19.3785
6339 19.4117
6340 19.3834
6341 19.3568
6342 19.3668
6343 19.2893
6344 19.2772
6345 19.4209
6346 19.5826
6347 19.5928
6348 19.7191
6349 19.7262
6350 19.8319
6351 19.802
6352 19.7531
6353 19.7391
6354 19.6121
6355 19.6769
6356 19.6346
6357 19.744
6358 19.6004
6359 19.6692
6360 19.5345
6361 19.5384
6362 19.488
6363 19.6411
6364 19.5889
6365 19.4695
6366 19.5123
6367 19.4128
6368 19.4256
6369 19.4764
6370 19.4697
6371 19.4768
6372 19.5814
6373 19.7445
6374 19.7852
6375 19.8118
6376 19.8341
6377 19.7847
6378 19.7603
6379 19.8247
6380 19.9633
6381 19.9208
6382 19.7593
6383 19.7731
6384 19.7621
6385 19.7182
6386 19.5892
6387 19.4908
6388 19.451
6389 19.4725
6390 19.3463
6391 19.3336
6392 19.4026
6393 19.32
6394 19.268
6395 19.264
6396 19.3346
6397 19.4112
6398 19.4938
6399 19.6618
6400 19.6888
6401 19.6184
6402 19.7093
6403 19.6986
6404 19.7011
6405 19.7939
6406 19.7796
6407 19.7831
6408 19.8193
6409 19.8635
6410 19.865
6411 19.9387
6412 19.9718
6413 19.9613
6414 19.9463
6415 20.0719
6416 20.1571
6417 20.1366
6418 20.1649
6419 20.0638
6420 20.0013
6421 20.1
6422 20.136
6423 20.1528
6424 20.0995
6425 20.1481
6426 20.1625
6427 20.1465
6428 20.1587
6429 20.1266
6430 20.187
6431 20.2603
6432 20.2929
6433 20.2761
6434 20.2884
6435 20.3296
6436 20.3431
6437 20.4484
6438 20.4479
6439 20.4417
6440 20.4028
6441 20.2776
6442 20.2312
6443 20.2348
6444 20.2868
6445 20.2503
6446 20.2541
6447 20.1818
6448 20.2455
6449 20.3184
6450 20.3465
6451 20.4095
6452 20.5487
6453 20.5748
6454 20.5363
6455 20.528
6456 20.6725
6457 20.5619
6458 20.501
6459 20.4884
6460 20.5571
6461 20.5872
6462 20.6928
6463 20.717
6464 20.8284
6465 20.8039
6466 21.0222
6467 21.077
6468 20.9987
6469 20.9888
6470 20.9841
6471 21.083
6472 20.9733
6473 20.916
6474 20.974
6475 21.1096
6476 21.1309
6477 21.0585
6478 20.9135
6479 20.9396
6480 21.0166
6481 20.9487
6482 20.9804
6483 20.9376
6484 20.8842
6485 20.8947
6486 20.7421
6487 20.7706
6488 20.8339
6489 20.9009
6490 20.9152
6491 20.9208
6492 20.9032
6493 21.0391
6494 21.1296
6495 21.1685
6496 21.1986
6497 21.1955
6498 21.2089
6499 21.2517
6500 21.3941
6501 21.3836
6502 21.2972
6503 21.2286
6504 21.1561
6505 21.2459
6506 21.2479
6507 21.1471
6508 21.004
6509 21.0653
6510 20.9943
6511 21.0531
6512 21.0731
6513 20.978
6514 21.0791
6515 21.0261
6516 21.0081
6517 21.1213
6518 21.0387
6519 20.956
6520 20.9395
6521 20.9311
6522 20.8911
6523 20.8282
6524 20.8562
6525 20.8517
6526 20.7441
6527 20.6525
6528 20.6911
6529 20.8159
6530 20.6364
6531 20.5559
6532 20.4775
6533 20.4774
6534 20.4414
6535 20.535
6536 20.3798
6537 20.2833
6538 20.2037
6539 20.1805
6540 20.2271
6541 20.3214
6542 20.2815
6543 20.266
6544 20.2702
6545 20.2734
6546 20.2323
6547 20.3478
6548 20.4808
6549 20.3525
6550 20.3772
6551 20.2621
6552 20.2787
6553 20.3468
6554 20.4669
6555 20.387
6556 20.2383
6557 20.2855
6558 20.2437
6559 20.2556
6560 20.2125
6561 20.3314
6562 20.386
6563 20.4518
6564 20.4642
6565 20.3807
6566 20.275
6567 20.3599
6568 20.3317
6569 20.4031
6570 20.4046
6571 20.4166
6572 20.4847
6573 20.4653
6574 20.5364
6575 20.6222
6576 20.648
6577 20.6712
6578 20.8429
6579 20.9627
6580 21.0031
6581 21.1198
6582 21.0715
6583 20.959
6584 21.0289
6585 20.9921
6586 20.803
6587 20.8812
6588 20.8454
6589 20.7771
6590 20.7349
6591 20.8047
6592 20.933
6593 20.9313
6594 21.0173
6595 20.9556
6596 21.011
6597 21.1005
6598 20.9987
6599 20.9583
6600 20.9327
6601 20.9401
6602 20.9862
6603 20.8985
6604 20.8291
6605 20.7418
6606 20.7519
6607 20.544
6608 20.5369
6609 20.4942
6610 20.5762
6611 20.4629
6612 20.2781
6613 20.1001
6614 20.0307
6615 20.0536
6616 19.8841
6617 19.9603
6618 20.0195
6619 20.1199
6620 19.9584
6621 19.9511
6622 19.8606
6623 19.6847
6624 19.8316
6625 19.7745
6626 19.724
6627 19.6265
6628 19.4598
6629 19.4527
6630 19.4799
6631 19.4524
6632 19.5466
6633 19.5489
6634 19.637
6635 19.7652
6636 19.6827
6637 19.656
6638 19.6487
6639 19.6185
6640 19.4737
6641 19.3616
6642 19.395
6643 19.285
6644 19.4051
6645 19.4191
6646 19.4087
6647 19.4151
6648 19.4714
6649 19.5394
6650 19.5236
6651 19.577
6652 19.6255
6653 19.6558
6654 19.8162
6655 19.8124
6656 20.0456
6657 19.9894
6658 20.063
6659 20.0566
6660 19.973
6661 20.0366
6662 20.0391
6663 20.2185
6664 20.1562
6665 20.1827
6666 20.2994
6667 20.2823
6668 20.1763
6669 20.0643
6670 20.0421
6671 19.8931
6672 19.7404
6673 19.7255
6674 19.838
6675 19.9077
6676 19.8942
6677 19.8016
6678 19.8766
6679 19.8636
6680 19.7615
6681 19.6336
6682 19.6152
6683 19.6552
6684 19.6183
6685 19.5508
6686 19.4771
6687 19.4999
6688 19.4498
6689 19.3234
6690 19.2564
6691 19.1941
6692 19.2516
6693 19.2305
6694 19.298
6695 19.3664
6696 19.3267
6697 19.2299
6698 19.2497
6699 19.2309
6700 19.2232
6701 19.3205
6702 19.1148
6703 19.0875
6704 19.1043
6705 19.174
6706 19.026
6707 18.9332
6708 18.8287
6709 18.7736
6710 18.6533
6711 18.6865
6712 18.7363
6713 18.7671
6714 18.8059
6715 18.8377
6716 18.9094
6717 18.9624
6718 19.0223
6719 19.1091
6720 19.1922
6721 19.1725
6722 19.1591
6723 19.1374
6724 19.053
6725 19.0098
6726 18.935
6727 18.9862
6728 19.0263
6729 19.112
6730 18.9299
6731 19.0874
6732 19.1343
6733 19.215
6734 19.2593
6735 19.4268
6736 19.3908
6737 19.3768
6738 19.3423
6739 19.4865
6740 19.4916
6741 19.5317
6742 19.5132
6743 19.5428
6744 19.4364
6745 19.4254
6746 19.3152
6747 19.2622
6748 19.1749
6749 19.1751
6750 19.243
6751 19.2263
6752 19.3095
6753 19.1838
6754 19.1115
6755 19.0923
6756 19.0321
6757 19.0842
6758 19.2178
6759 19.2284
6760 19.365
6761 19.4331
6762 19.2455
6763 19.1935
6764 19.1435
6765 19.1736
6766 19.156
6767 19.0049
6768 19.0727
6769 18.9818
6770 19.0263
6771 19.0457
6772 18.9556
6773 18.9319
6774 18.9005
6775 18.9583
6776 19.0171
6777 18.9517
6778 18.9491
6779 18.8977
6780 18.982
6781 18.9572
6782 18.9044
6783 18.8822
6784 18.8687
6785 18.7708
6786 18.7491
6787 18.8343
6788 18.8201
6789 18.7371
6790 18.7519
6791 18.7069
6792 18.6693
6793 18.7222
6794 18.6892
6795 18.7567
6796 18.8089
6797 18.8627
6798 18.9274
6799 18.8123
6800 18.8211
6801 18.9458
6802 19.0147
6803 18.9686
6804 19.0079
6805 18.9772
6806 18.9838
6807 18.9442
6808 18.8835
6809 18.8365
6810 18.8179
6811 18.9235
6812 18.9473
6813 18.8988
6814 18.7866
6815 18.799
6816 18.7274
6817 18.6462
6818 18.5805
6819 18.5797
6820 18.5457
6821 18.537
6822 18.5437
6823 18.4266
6824 18.4732
6825 18.4295
6826 18.5019
6827 18.5216
6828 18.4997
6829 18.4467
6830 18.3677
6831 18.4243
6832 18.4719
6833 18.5351
6834 18.6187
6835 18.5313
6836 18.5393
6837 18.5532
6838 18.4988
6839 18.4431
6840 18.4537
6841 18.4436
6842 18.4018
6843 18.3601
6844 18.297
6845 18.3247
6846 18.32
6847 18.2084
6848 18.3112
6849 18.1941
6850 18.3053
6851 18.2561
6852 18.1264
6853 17.9407
6854 17.8006
6855 17.7311
6856 17.6728
6857 17.6009
6858 17.5818
6859 17.6512
6860 17.5603
6861 17.6831
6862 17.6132
6863 17.6041
6864 17.5117
6865 17.5085
6866 17.372
6867 17.4295
6868 17.4479
6869 17.4934
6870 17.6051
6871 17.481
6872 17.5287
6873 17.5756
6874 17.4119
6875 17.2743
6876 17.3161
6877 17.2995
6878 17.2413
6879 17.1829
6880 17.3737
6881 17.3496
6882 17.2574
6883 17.2574
6884 17.2436
6885 17.2464
6886 17.2098
6887 17.1071
6888 16.9941
6889 16.9815
6890 17.0599
6891 17.0904
6892 17.0674
6893 16.9477
6894 16.8544
6895 16.809
6896 16.8148
6897 16.8184
6898 16.7282
6899 16.6651
6900 16.7571
6901 16.6999
6902 16.6877
6903 16.6839
6904 16.8285
6905 16.8029
6906 16.7915
6907 16.6177
6908 16.5781
6909 16.5856
6910 16.6905
6911 16.7458
6912 16.8293
6913 16.8536
6914 16.9269
6915 16.9704
6916 17.0447
6917 17.0524
6918 17.0292
6919 17.0048
6920 16.9774
6921 17.0781
6922 17.0121
6923 17.0631
6924 16.9971
6925 16.8496
6926 16.9271
6927 17.0527
6928 17.0981
6929 17.1933
6930 17.1581
6931 17.1369
6932 17.2036
6933 17.1171
6934 17.0087
6935 17.0087
6936 17.0589
6937 17.2212
6938 17.205
6939 17.1105
6940 17.1944
6941 17.0956
6942 17.0993
6943 17.0122
6944 16.8806
6945 16.8176
6946 16.8422
6947 16.8676
6948 16.959
6949 16.8937
6950 16.9427
6951 16.9984
6952 17.017
6953 17.1224
6954 17.0914
6955 17.1055
6956 17.0407
6957 17.0609
6958 17.1118
6959 17.2058
6960 17.3096
6961 17.3182
6962 17.3864
6963 17.4034
6964 17.429
6965 17.3667
6966 17.3429
6967 17.3308
6968 17.3518
6969 17.3919
6970 17.2806
6971 17.1756
6972 17.1585
6973 17.1856
6974 17.1596
6975 17.062
6976 16.9745
6977 17.067
6978 17.1454
6979 17.2172
6980 17.2647
6981 17.2056
6982 17.3973
6983 17.4102
6984 17.2709
6985 17.2451
6986 17.1228
6987 17.1413
6988 17.0575
6989 17.0782
6990 17.0954
6991 17.1711
6992 17.1356
6993 17.0623
6994 17.1406
6995 17.0226
6996 17.0188
6997 17.0474
6998 17.0327
6999 16.9953
7000 16.8391
7001 16.7798
7002 16.8337
7003 16.8999
7004 16.9832
7005 16.9006
7006 17.0629
7007 16.9786
7008 16.9604
7009 16.8735
7010 16.8553
7011 16.9258
7012 16.9285
7013 16.7444
7014 16.827
7015 16.7612
7016 16.7169
7017 16.5077
7018 16.5337
7019 16.5385
7020 16.5061
7021 16.5009
7022 16.6238
7023 16.6503
7024 16.5879
7025 16.5984
7026 16.5942
7027 16.5646
7028 16.5434
7029 16.4672
7030 16.3991
7031 16.4786
7032 16.4198
7033 16.2638
7034 16.2726
7035 16.1773
7036 16.2061
7037 16.3689
7038 16.3251
7039 16.4165
7040 16.3381
7041 16.3912
7042 16.3695
7043 16.3863
7044 16.3705
7045 16.327
7046 16.2657
7047 16.2176
7048 16.1948
7049 16.076
7050 16.0238
7051 16.0725
7052 16.1748
7053 16.16
7054 16.315
7055 16.37
7056 16.5041
7057 16.3666
7058 16.3197
7059 16.2242
7060 16.1803
7061 16.1821
7062 16.1931
7063 16.1945
7064 16.0463
7065 15.9591
7066 15.9609
7067 16.0095
7068 16.0121
7069 16.1334
7070 16.0625
7071 16.0404
7072 15.9452
7073 15.8569
7074 15.8599
7075 15.8566
7076 15.8222
7077 15.7944
7078 15.8351
7079 15.8429
7080 16.063
7081 15.9765
7082 15.8802
7083 15.9241
7084 15.9184
7085 15.9102
7086 15.8053
7087 15.7936
7088 15.7486
7089 15.5995
7090 15.52
7091 15.47
7092 15.3624
7093 15.529
7094 15.4839
7095 15.4837
7096 15.3554
7097 15.3296
7098 15.2567
7099 15.0908
7100 15.0865
7101 15.0157
7102 14.9836
7103 14.9821
7104 15.0002
7105 15.0511
7106 14.9247
7107 15.0862
7108 15.1242
7109 15.2131
7110 15.2099
7111 15.2785
7112 15.2905
7113 15.3163
7114 15.188
7115 15.3368
7116 15.2836
7117 15.3419
7118 15.4403
7119 15.6102
7120 15.5635
7121 15.6017
7122 15.5796
7123 15.6247
7124 15.5986
7125 15.7489
7126 15.6787
7127 15.6543
7128 15.6914
7129 15.6262
7130 15.5143
7131 15.5149
7132 15.4788
7133 15.4769
7134 15.5065
7135 15.5803
7136 15.5454
7137 15.5649
7138 15.5108
7139 15.5267
7140 15.5395
7141 15.5271
7142 15.4553
7143 15.4749
7144 15.552
7145 15.7212
7146 15.6584
7147 15.504
7148 15.5762
7149 15.5451
7150 15.5228
7151 15.5279
7152 15.5482
7153 15.5716
7154 15.4776
7155 15.4823
7156 15.5215
7157 15.3933
7158 15.3251
7159 15.1779
7160 15.1615
7161 15.0307
7162 14.9457
7163 15.0444
7164 15.0627
7165 15.0197
7166 14.9352
7167 14.8924
7168 14.9488
7169 14.9134
7170 14.7889
7171 14.866
7172 14.9292
7173 14.8032
7174 14.7189
7175 14.7475
7176 14.6828
7177 14.8064
7178 14.8031
7179 14.8802
7180 14.9544
7181 15.1297
7182 15.1188
7183 15.2592
7184 15.2153
7185 15.3388
7186 15.2641
7187 15.2865
7188 15.3485
7189 15.3543
7190 15.4752
7191 15.5623
7192 15.596
7193 15.5691
7194 15.4797
7195 15.6336
7196 15.6651
7197 15.5821
7198 15.6902
7199 15.5996
7200 15.5681
7201 15.6391
7202 15.4728
7203 15.5126
7204 15.5016
7205 15.4234
7206 15.4448
7207 15.4397
7208 15.3355
7209 15.3142
7210 15.1829
7211 15.2038
7212 15.0576
7213 15.0892
7214 14.8117
7215 14.7321
7216 14.6273
7217 14.6814
7218 14.75
7219 14.7404
7220 14.864
7221 14.9414
7222 14.9734
7223 14.9421
7224 14.9139
7225 14.8337
7226 14.8774
7227 14.9121
7228 14.9749
7229 14.8977
7230 14.9744
7231 14.8275
7232 14.837
7233 14.9312
7234 14.898
7235 14.8062
7236 14.7794
7237 14.8002
7238 14.9436
7239 14.8462
7240 14.9194
7241 14.9091
7242 14.8526
7243 14.8568
7244 14.7239
7245 14.7411
7246 14.6679
7247 14.6883
7248 14.5683
7249 14.5364
7250 14.3878
7251 14.2994
7252 14.3424
7253 14.3947
7254 14.3986
7255 14.3515
7256 14.4266
7257 14.3329
7258 14.4309
7259 14.4967
7260 14.5216
7261 14.4416
7262 14.4563
7263 14.4108
7264 14.4687
7265 14.4767
7266 14.4012
7267 14.4628
7268 14.4914
7269 14.5162
7270 14.516
7271 14.6039
7272 14.6379
7273 14.5293
7274 14.5485
7275 14.6067
7276 14.6077
7277 14.6397
7278 14.5828
7279 14.55
7280 14.5891
7281 14.5762
7282 14.5609
7283 14.6225
7284 14.7516
7285 14.7358
7286 14.5645
7287 14.489
7288 14.5408
7289 14.4904
7290 14.2988
7291 14.4052
7292 14.3962
7293 14.4407
7294 14.4344
7295 14.4206
7296 14.4147
7297 14.377
7298 14.3481
7299 14.2778
7300 14.3628
7301 14.3375
7302 14.4161
7303 14.4157
7304 14.4258
7305 14.3912
7306 14.44
7307 14.3531
7308 14.3034
7309 14.3437
7310 14.3097
7311 14.3145
7312 14.297
7313 14.2224
7314 14.2891
7315 14.219
7316 14.1816
7317 14.0733
7318 14.0654
7319 14.0118
7320 14.0017
7321 13.968
7322 13.9065
7323 13.8521
7324 13.7837
7325 13.7833
7326 13.756
7327 13.7865
7328 13.8049
7329 13.8646
7330 13.7413
7331 13.7441
7332 13.7455
7333 13.8361
7334 13.8988
7335 13.8715
7336 13.851
7337 13.813
7338 13.7784
7339 13.7603
7340 13.8504
7341 13.6853
7342 13.6047
7343 13.5189
7344 13.7022
7345 13.6121
7346 13.6073
7347 13.6339
7348 13.7064
7349 13.7004
7350 13.6154
7351 13.6857
7352 13.7624
7353 13.6896
7354 13.7164
7355 13.7252
7356 13.7777
7357 13.8433
7358 13.7737
7359 13.8711
7360 13.7915
7361 13.9044
7362 13.8697
7363 13.7799
7364 13.8488
7365 13.7217
7366 13.7423
7367 13.6348
7368 13.4221
7369 13.3338
7370 13.3454
7371 13.3459
7372 13.2533
7373 13.3614
7374 13.2436
7375 13.1277
7376 13.1378
7377 13.0692
7378 13.0194
7379 13.0939
7380 12.9991
7381 12.9431
7382 12.9028
7383 12.953
7384 12.9339
7385 12.8948
7386 12.8536
7387 12.8031
7388 12.8851
7389 12.9192
7390 12.914
7391 12.8588
7392 13.049
7393 12.9793
7394 12.8655
7395 12.8237
7396 12.7654
7397 12.7754
7398 12.7286
7399 12.7219
7400 12.5685
7401 12.6782
7402 12.7225
7403 12.746
7404 12.7985
7405 12.8026
7406 12.7981
7407 12.9077
7408 12.7263
7409 12.6678
7410 12.6287
7411 12.5972
7412 12.6265
7413 12.5311
7414 12.55
7415 12.5576
7416 12.6247
7417 12.7012
7418 12.6545
7419 12.6894
7420 12.6977
7421 12.6726
7422 12.6812
7423 12.7301
7424 12.6545
7425 12.6674
7426 12.5927
7427 12.6106
7428 12.6419
7429 12.6971
7430 12.6828
7431 12.6892
7432 12.7403
7433 12.8295
7434 12.7931
7435 12.7413
7436 12.6657
7437 12.7913
7438 12.6552
7439 12.6634
7440 12.6121
7441 12.566
7442 12.5658
7443 12.6086
7444 12.6144
7445 12.6597
7446 12.5284
7447 12.5874
7448 12.6563
7449 12.6047
7450 12.5625
7451 12.6618
7452 12.6499
7453 12.7403
7454 12.6823
7455 12.725
7456 12.6981
7457 12.6372
7458 12.525
7459 12.4809
7460 12.4963
7461 12.3487
7462 12.2346
7463 12.151
7464 12.0672
7465 12.2331
7466 12.3472
7467 12.3814
7468 12.4281
7469 12.3284
7470 12.3514
7471 12.4877
7472 12.4909
7473 12.4548
7474 12.5514
7475 12.6788
7476 12.8051
7477 12.867
7478 12.8673
7479 12.8921
7480 13.0495
7481 13.056
7482 13.0299
7483 12.9406
7484 12.9375
7485 12.9706
7486 13.139
7487 13.2245
7488 13.1508
7489 13.0595
7490 13.0722
7491 12.9725
7492 12.9098
7493 12.987
7494 13.0549
7495 13.0689
7496 13.1838
7497 13.1579
7498 13.0609
7499 12.9696
7500 12.9853
7501 13.0191
7502 12.9674
7503 13.0829
7504 13.085
7505 13.0141
7506 12.9799
7507 12.9669
7508 12.9115
7509 12.8635
7510 12.6509
7511 12.6353
7512 12.6384
7513 12.4998
7514 12.4141
7515 12.3433
7516 12.3342
7517 12.5311
7518 12.4678
7519 12.5766
7520 12.5588
7521 12.4998
7522 12.3197
7523 12.1672
7524 12.111
7525 12.0406
7526 12.0585
7527 12.0868
7528 12.1544
7529 12.2229
7530 12.2084
7531 12.2934
7532 12.3641
7533 12.379
7534 12.3947
7535 12.4473
7536 12.3154
7537 12.2737
7538 12.2574
7539 12.0885
7540 12.0838
7541 12.092
7542 12.0921
7543 12.1125
7544 11.9703
7545 11.8123
7546 11.9177
7547 11.789
7548 11.711
7549 11.6008
7550 11.6615
7551 11.4254
7552 11.3523
7553 11.3616
7554 11.3045
7555 11.2752
7556 11.172
7557 11.2171
7558 11.2345
7559 11.22
7560 11.2053
7561 11.1612
7562 11.2746
7563 11.3153
7564 11.2769
7565 11.3552
7566 11.2873
7567 11.3049
7568 11.2792
7569 11.2295
7570 11.2365
7571 11.1528
7572 11.0107
7573 11.0236
7574 10.9776
7575 11.0481
7576 10.9469
7577 10.9019
7578 10.9386
7579 10.9959
7580 11.0718
7581 11.0465
7582 10.9895
7583 10.8594
7584 10.8216
7585 10.7784
7586 10.7044
7587 10.7091
7588 10.7499
7589 10.731
7590 10.853
7591 10.8232
7592 10.6994
7593 10.708
