0 0
1 1.13688
2 1.8274
3 2.40555
4 2.7367
5 2.98486
6 3.07287
7 3.33571
8 3.49797
9 3.58456
10 3.49099
11 3.617
12 3.50286
13 3.43934
14 3.47705
15 3.59339
16 3.82818
17 3.99969
18 3.98628
19 4.0194
20 4.24262
21 4.35415
22 4.64338
23 4.67927
24 4.85644
25 4.78711
26 5.09703
27 4.96089
28 5.2573
29 5.33207
30 5.23526
31 5.40185
32 5.33884
33 5.46223
34 5.54424
35 5.53866
36 5.42125
37 5.39657
38 5.36146
39 5.21067
40 5.37689
41 5.28132
42 5.48206
43 5.41202
44 5.37392
45 5.33854
46 5.363
47 5.56765
48 5.52443
49 5.53967
50 5.71839
51 5.82439
52 5.91143
53 5.96386
54 5.77724
55 5.80753
56 5.76404
57 5.71974
58 5.34644
59 5.39786
60 5.56228
61 5.62068
62 5.72118
63 5.87866
64 6.02846
65 6.06183
66 6.12419
67 6.00461
68 6.06427
69 5.9745
70 6.27247
71 6.23619
72 6.1167
73 6.11071
74 6.07518
75 6.29207
76 6.24789
77 6.36893
78 6.32459
79 6.42867
80 6.28601
81 6.06125
82 5.7853
83 6.09996
84 6.18768
85 6.11445
86 6.30347
87 6.38838
88 6.51499
89 6.57718
90 6.60217
91 6.33557
92 6.43837
93 6.44788
94 6.43077
95 6.35215
96 6.50191
97 6.87091
98 6.91302
99 6.99399
100 6.9771
101 7.01945
102 7.09072
103 6.96886
104 6.99698
105 7.05625
106 6.93685
107 7.01319
108 7.0486
109 7.24231
110 7.21338
111 7.16109
112 7.17223
113 7.17896
114 7.27553
115 7.33757
116 7.55774
117 7.67275
118 7.68422
119 7.57753
120 7.40026
121 7.43653
122 7.21002
123 7.44784
124 7.43118
125 7.32423
126 7.54197
127 7.69659
128 7.58497
129 7.48829
130 7.30683
131 7.37787
132 7.48958
133 7.25358
134 7.42479
135 7.29688
136 7.04989
137 7.29178
138 7.08686
139 6.99732
140 7.14965
141 7.09602
142 7.08964
143 7.18261
144 6.93643
145 7.04386
146 7.11157
147 7.20605
148 7.24499
149 7.42881
150 7.34871
151 7.3474
152 7.37732
153 7.26134
154 7.33518
155 7.35918
156 7.24635
157 7.21212
158 7.34705
159 7.51122
160 7.4111
161 7.5103
162 7.53412
163 7.61646
164 7.78469
165 7.53707
166 7.44714
167 7.35643
168 7.32388
169 7.44115
170 7.34872
171 7.37241
172 7.27101
173 7.1507
174 7.13298
175 7.31615
176 7.22808
177 7.1732
178 7.01139
179 7.29793
180 7.31714
181 7.50389
182 7.55741
183 7.61999
184 7.84617
185 7.84284
186 7.85142
187 7.90171
188 8.06322
189 7.98781
190 7.62855
191 7.49374
192 7.60029
193 7.47993
194 7.60109
195 7.68901
196 7.79346
197 7.72172
198 7.72701
199 7.61012
200 7.56089
201 7.59929
202 7.6522
203 7.27553
204 7.25963
205 7.2232
206 6.88571
207 6.91618
208 6.84378
209 6.50463
210 6.71555
211 6.43506
212 6.06156
213 5.90872
214 5.9331
215 5.95339
216 5.94432
217 5.90258
218 5.93622
219 6.00263
220 5.98382
221 5.89903
222 5.73522
223 5.67405
224 5.56574
225 5.47081
226 5.43608
227 5.54566
228 5.80182
229 6.04905
230 6.11331
231 6.2881
232 6.28403
233 6.16693
234 6.20361
235 6.20991
236 6.29882
237 6.50888
238 6.40471
239 6.62845
240 6.94382
241 6.92077
242 6.72167
243 6.68012
244 6.65094
245 6.4653
246 6.46962
247 6.68295
248 6.74036
249 6.78259
250 6.54785
251 6.65859
252 6.65301
253 6.65349
254 6.61665
255 6.59356
256 6.45784
257 6.51016
258 6.46779
259 6.63566
260 6.39239
261 6.37338
262 6.4486
263 6.45359
264 6.57007
265 6.34634
266 6.19627
267 6.47783
268 6.69154
269 6.64153
270 6.68564
271 6.69303
272 6.65524
273 6.79446
274 6.94078
275 7.0902
276 6.76181
277 6.68015
278 6.46979
279 6.37373
280 6.12278
281 6.40709
282 6.35427
283 6.19947
284 6.22112
285 6.07318
286 5.85137
287 6.08603
288 6.13172
289 6.07232
290 5.99359
291 5.7808
292 5.77375
293 5.63884
294 5.68262
295 5.69907
296 5.69385
297 5.60743
298 5.65242
299 5.49502
300 5.55382
301 5.51213
302 5.54321
303 5.67561
304 5.81833
305 5.64677
306 5.62993
307 5.59989
308 5.55157
309 5.73086
310 5.87561
311 5.94255
312 5.90598
313 5.94634
314 6.08044
315 6.09204
316 6.29682
317 6.25203
318 6.24653
319 6.35766
320 6.49615
321 6.72417
322 6.64914
323 6.77387
324 7.03659
325 6.86079
326 6.64988
327 6.71281
328 6.95099
329 6.90579
330 6.73899
331 6.9076
332 6.93394
333 6.72973
334 6.52855
335 6.5398
336 6.40796
337 6.43469
338 6.50615
339 6.7657
340 6.66792
341 6.62362
342 6.60706
343 6.7604
344 6.80378
345 6.87314
346 7.0445
347 7.29685
348 6.95933
349 6.8264
350 6.85492
351 6.85347
352 6.90253
353 6.92492
354 6.71393
355 7.03733
356 7.35666
357 7.12153
358 7.01458
359 7.24729
360 7.60749
361 7.79787
362 7.98272
363 8.25968
364 7.98443
365 8.1798
366 8.14269
367 8.2613
368 8.19466
369 8.31398
370 8.54552
371 8.29293
372 8.43561
373 8.31487
374 8.15245
375 8.30526
376 8.20164
377 8.21981
378 8.4609
379 8.53782
380 8.46957
381 8.22913
382 8.27929
383 8.34532
384 8.42055
385 8.12496
386 8.19589
387 8.11627
388 7.99065
389 8.0399
390 8.18356
391 8.14805
392 7.98619
393 7.8908
394 7.92295
395 8.04348
396 8.26565
397 8.2274
398 8.31047
399 8.54714
400 8.52019
401 8.87466
402 8.88308
403 8.74858
404 8.77037
405 8.81266
406 9.30815
407 9.22725
408 9.28324
409 9.2036
410 9.26126
411 9.32777
412 9.40671
413 9.20525
414 9.40207
415 9.45841
416 9.21906
417 9.29002
418 9.16496
419 9.36342
420 9.30776
421 9.23198
422 9.32415
423 9.50098
424 9.63051
425 9.72433
426 9.78384
427 9.80536
428 9.82817
429 9.8054
430 9.88434
431 9.64815
432 9.61428
433 9.5002
434 9.42642
435 9.53388
436 9.36179
437 9.46909
438 9.8026
439 9.97354
440 9.70035
441 10.0086
442 9.75152
443 9.60472
444 9.75871
445 9.71878
446 9.74696
447 9.81794
448 9.63735
449 9.68158
450 9.5756
451 9.47339
452 9.57862
453 9.47871
454 9.61583
455 9.77854
456 9.77599
457 9.69405
458 9.86416
459 9.88867
460 10.0003
461 9.99524
462 9.59573
463 9.66256
464 9.76193
465 9.91425
466 9.82624
467 10.1063
468 10.0401
469 10.2981
470 10.2717
471 9.92963
472 10.0471
473 10.3258
474 10.4612
475 10.7898
476 10.7433
477 10.8378
478 10.845
479 10.7324
480 10.9001
481 10.9197
482 10.8831
483 10.8774
484 10.9641
485 11.1265
486 10.8956
487 10.6784
488 10.6225
489 10.4652
490 10.4674
491 10.5339
492 10.5786
493 10.5681
494 10.546
495 10.3942
496 10.3078
497 10.4394
498 10.4911
499 10.4381
500 10.38
501 10.3087
502 10.2393
503 10.1645
504 10.0874
505 10.0224
506 10.2886
507 10.503
508 10.4797
509 10.5037
510 10.4728
511 10.4927
512 10.4683
513 10.4189
514 10.5796
515 10.7082
516 10.6078
517 10.4717
518 10.8017
519 10.9025
520 10.943
521 11.0018
522 10.9532
523 11.1949
524 11.2969
525 11.4011
526 11.2934
527 10.9868
528 10.8848
529 10.992
530 10.7947
531 10.4744
532 10.5696
533 10.6688
534 10.6132
535 10.6214
536 10.655
537 10.6693
538 10.6353
539 10.6395
540 10.7003
541 10.5848
542 10.6861
543 10.8466
544 10.7398
545 10.731
546 10.787
547 10.7413
548 10.8205
549 10.9344
550 10.9737
551 11.4352
552 11.7579
553 11.7352
554 11.8005
555 12.1646
556 12.0923
557 12.1716
558 12.414
559 12.3727
560 12.3834
561 12.4269
562 12.4505
563 12.5518
564 12.5354
565 12.4743
566 12.509
567 12.6029
568 12.5677
569 12.6747
570 12.9885
571 12.9286
572 12.6901
573 12.6337
574 12.8599
575 12.8448
576 12.8596
577 12.9203
578 13.2381
579 13.2231
580 13.3698
581 13.3279
582 13.369
583 13.4523
584 13.5056
585 13.9103
586 13.7337
587 13.7361
588 13.7015
589 13.9727
590 14.0382
591 14.0215
592 13.9406
593 13.919
594 13.8321
595 13.8235
596 13.696
597 13.6352
598 13.8229
599 13.7962
600 13.8235
601 14.041
602 13.8776
603 14.0064
604 13.939
605 13.9437
606 13.8496
607 13.9158
608 13.8247
609 13.921
610 14.1147
611 13.9803
612 13.9895
613 14.098
614 13.985
615 14.1639
616 14.0531
617 14.1924
618 14.0526
619 13.8722
620 14.0953
621 14.1159
622 13.9377
623 14.3989
624 14.4734
625 14.7371
626 14.8771
627 14.7142
628 14.6303
629 14.5828
630 14.3751
631 14.5184
632 14.7556
633 14.6605
634 14.9103
635 14.7488
636 14.9855
637 14.8788
638 14.7417
639 14.7558
640 14.9353
641 14.8463
642 14.393
643 14.5884
644 14.5082
645 14.6151
646 14.7014
647 14.6004
648 14.4751
649 14.2517
650 14.4364
651 14.4591
652 14.5775
653 14.2248
654 14.1871
655 14.1268
656 14.0014
657 13.8325
658 13.6944
659 13.8527
660 13.8805
661 13.8013
662 13.7587
663 13.7284
664 13.7875
665 13.7593
666 13.8058
667 14.0811
668 14.2391
669 14.3921
670 14.3493
671 14.4855
672 14.4033
673 14.5638
674 14.8164
675 14.8263
676 14.681
677 14.4688
678 14.3857
679 14.5179
680 14.5338
681 14.5503
682 14.3519
683 14.221
684 14.1611
685 14.0537
686 14.3791
687 14.0622
688 14.0687
689 13.9898
690 13.8901
691 13.9011
692 13.6318
693 13.5027
694 13.119
695 13.0401
696 13.0811
697 13.0043
698 13.0107
699 12.8186
700 12.9625
701 13.1732
702 13.0901
703 13.1191
704 13.0738
705 13.2183
706 13.2065
707 13.3048
708 13.2606
709 13.4334
710 13.4315
711 13.4392
712 13.3019
713 13.1665
714 13.0194
715 13.2706
716 13.4527
717 13.5241
718 13.6538
719 13.6424
720 13.5021
721 13.4511
722 13.3269
723 13.0376
724 13.258
725 13.2308
726 13.1437
727 13.2627
728 13.3119
729 13.3758
730 13.2638
731 13.4589
732 13.2916
733 13.3006
734 13.2586
735 13.1981
736 13.0885
737 13.0381
738 13.0204
739 13.1869
740 13.1406
741 13.0437
742 13.1521
743 13.1686
744 13.0628
745 13.2293
746 13.0994
747 12.9444
748 12.7594
749 12.6799
750 12.6928
751 12.4192
752 12.5374
753 12.4889
754 12.4541
755 12.5864
756 12.5833
757 12.7727
758 12.7546
759 12.679
760 12.5377
761 12.5145
762 12.4912
763 12.6426
764 12.7908
765 12.6671
766 12.47
767 12.527
768 12.5307
769 12.7496
770 12.7263
771 12.4602
772 12.124
773 11.9362
774 12.0423
775 11.9718
776 11.9354
777 11.7173
778 11.564
779 11.505
780 11.6738
781 11.7847
782 11.6057
783 11.309
784 11.3346
785 11.1379
786 11.0665
787 10.9723
788 10.8277
789 11.0257
790 10.9566
791 10.8336
792 10.7605
793 10.5879
794 10.7715
795 10.7559
796 11.0122
797 11.0571
798 11.039
799 11.13
800 11.125
801 10.955
802 11.0399
803 11.2132
804 11.1033
805 11.2262
806 11.3132
807 11.1771
808 11.3849
809 11.5153
810 11.3435
811 11.3967
812 11.2887
813 11.1827
814 11.5322
815 11.6856
816 11.8608
817 11.8445
818 12.2478
819 11.925
820 11.6346
821 11.7621
822 11.7491
823 11.9594
824 11.6526
825 11.6932
826 11.7585
827 11.5946
828 11.8135
829 11.7622
830 11.5071
831 11.6271
832 11.6323
833 11.5068
834 11.5641
835 11.4845
836 11.3853
837 11.28
838 11.1882
839 10.926
840 10.7655
841 10.6781
842 10.6043
843 10.6485
844 10.852
845 10.9712
846 11.0277
847 10.929
848 10.886
849 10.8177
850 10.9304
851 10.6479
852 10.4909
853 10.5925
854 10.3233
855 10.2196
856 10.3148
857 10.273
858 10.4231
859 10.4572
860 10.4174
861 10.356
862 9.98796
863 10.0571
864 10.0078
865 10.0712
866 10.0844
867 9.72145
868 9.73992
869 9.56421
870 9.58915
871 9.65438
872 9.37565
873 9.24488
874 9.31069
875 9.06393
876 9.11249
877 9.3012
878 9.05511
879 9.22042
880 9.20714
881 9.01717
882 9.18711
883 9.19816
884 9.07737
885 8.9726
886 9.10021
887 9.08601
888 9.02404
889 9.13557
890 8.91595
891 8.95073
892 9.02094
893 8.54341
894 8.36804
895 8.42672
896 8.53108
897 8.24663
898 8.01322
899 7.96216
900 7.93906
901 7.81021
902 7.96351
903 7.43283
904 7.2227
905 7.11649
906 6.95174
907 6.91771
908 6.91943
909 6.64789
910 6.55736
911 6.83912
912 7.01648
913 7.18586
914 7.39066
915 7.32249
916 7.36485
917 7.47983
918 7.69615
919 7.60822
920 7.68835
921 7.5731
922 7.47669
923 7.47303
924 7.37682
925 7.41689
926 7.40024
927 7.47954
928 7.5015
929 7.43611
930 7.4668
931 7.12274
932 6.9329
933 7.1894
934 7.39474
935 7.49701
936 7.32363
937 7.1374
938 7.21668
939 7.07089
940 7.08272
941 7.05674
942 6.6875
943 6.76085
944 6.77237
945 6.77604
946 6.90484
947 6.74299
948 6.63456
949 6.57246
950 6.57779
951 6.4114
952 6.47504
953 6.45415
954 6.51689
955 6.53595
956 6.69423
957 6.76007
958 6.63406
959 6.68453
960 6.72283
961 6.46972
962 6.28205
963 6.38861
964 6.43357
965 6.40308
966 6.37121
967 6.20949
968 6.41432
969 6.65204
970 6.74935
971 6.60765
972 6.69163
973 6.84217
974 6.58521
975 6.89231
976 7.02336
977 6.95837
978 6.76256
979 7.01493
980 7.19534
981 7.13789
982 7.07702
983 7.02502
984 7.01282
985 7.13697
986 7.03937
987 6.90217
988 6.77494
989 6.31349
990 6.41324
991 6.40658
992 6.55192
993 6.29697
994 6.18061
995 6.41254
996 6.55723
997 6.58368
998 6.61239
999 6.34289
1000 6.0012
1001 5.73238
1002 5.7908
1003 5.73537
1004 5.51072
1005 5.82769
1006 5.60429
1007 5.71128
1008 5.48617
1009 5.69102
1010 5.68062
1011 5.748
1012 5.85028
1013 5.88624
1014 5.86678
1015 5.68106
1016 5.88085
1017 5.93973
1018 5.90679
1019 5.87389
1020 5.736
1021 5.97756
1022 6.08193
1023 6.10826
1024 6.31598
1025 6.37781
1026 6.22564
1027 6.23353
1028 6.43304
1029 6.48731
1030 6.46635
1031 6.52677
1032 6.48493
1033 6.33352
1034 6.31738
1035 6.25379
1036 6.27513
1037 6.24001
1038 6.23231
1039 6.42923
1040 6.45434
1041 6.45801
1042 6.18202
1043 6.36546
1044 6.35661
1045 6.36221
1046 6.35928
1047 6.35468
1048 6.47774
1049 6.70912
1050 6.92053
1051 6.43149
1052 6.53117
1053 6.5303
1054 6.52449
1055 6.49384
1056 6.55071
1057 6.49628
1058 6.4286
1059 6.21368
1060 6.40793
1061 6.49316
1062 6.60783
1063 6.61708
1064 6.61285
1065 6.66607
1066 6.46289
1067 6.4311
1068 6.50925
1069 6.47647
1070 6.50838
1071 6.6022
1072 6.64022
1073 6.56483
1074 6.47085
1075 6.20706
1076 6.30114
1077 6.20653
1078 6.22831
1079 6.23353
1080 6.24018
1081 6.29674
1082 6.08829
1083 6.0981
1084 6.12523
1085 6.36111
1086 6.38114
1087 6.20629
1088 6.32558
1089 6.35378
1090 6.34815
1091 6.45831
1092 6.63361
1093 6.74232
1094 6.647
1095 6.62176
1096 6.69989
1097 6.69654
1098 6.63767
1099 6.33449
1100 6.55523
1101 6.53082
1102 6.38992
1103 6.32618
1104 6.52069
1105 6.19152
1106 6.09731
1107 6.1183
1108 6.13663
1109 6.05243
1110 6.07073
1111 6.04894
1112 5.91647
1113 5.8299
1114 6.15933
1115 6.34016
1116 6.24841
1117 6.17453
1118 5.98335
1119 6.04207
1120 6.14182
1121 5.94051
1122 5.9354
1123 5.98644
1124 6.01386
1125 6.06949
1126 6.10698
1127 6.27726
1128 6.24036
1129 6.64053
1130 6.63776
1131 6.05215
1132 6.1339
1133 6.21936
1134 6.40191
1135 6.22242
1136 6.01148
1137 6.09496
1138 6.17108
1139 6.2626
1140 5.95634
1141 6.00426
1142 6.09844
1143 6.34047
1144 6.36915
1145 6.51647
1146 6.56598
1147 6.81688
1148 6.87366
1149 6.86576
1150 6.79189
1151 6.59763
1152 6.28419
1153 6.43624
1154 6.43418
1155 6.27636
1156 6.35334
1157 6.67877
1158 6.52833
1159 6.49572
1160 6.50281
1161 6.4527
1162 6.35199
1163 6.52633
1164 6.44624
1165 6.53215
1166 6.44583
1167 6.14076
1168 5.86696
1169 5.97317
1170 6.07126
1171 5.99838
1172 5.79126
1173 5.72558
1174 5.71663
1175 5.81697
1176 5.63481
1177 5.79826
1178 6.31267
1179 6.41619
1180 6.24267
1181 6.36599
1182 6.31109
1183 6.58206
1184 6.84567
1185 6.96307
1186 7.19902
1187 7.44216
1188 7.769
1189 7.89249
1190 7.8915
1191 7.91406
1192 8.00038
1193 7.93041
1194 7.99676
1195 8.15055
1196 8.19417
1197 8.45115
1198 8.45618
1199 8.66856
1200 8.9247
1201 9.34709
1202 9.58229
1203 9.63138
1204 9.75329
1205 9.66683
1206 10.0611
1207 10.4151
1208 10.4001
1209 10.2923
1210 10.3973
1211 10.4126
1212 10.627
1213 10.6774
1214 10.8994
1215 10.8364
1216 10.9524
1217 11.1949
1218 11.1624
1219 11.1471
1220 10.9281
1221 11.0413
1222 11.03
1223 11.2028
1224 11.0771
1225 10.9414
1226 10.8833
1227 10.9349
1228 11.0663
1229 11.0303
1230 10.954
1231 11.1229
1232 10.741
1233 10.7721
1234 10.6302
1235 10.639
1236 10.3479
1237 10.4245
1238 10.7961
1239 10.5389
1240 10.6407
1241 10.6205
1242 10.4362
1243 10.3452
1244 10.1341
1245 10.1044
1246 10.0766
1247 10.2532
1248 10.11
1249 10.0966
1250 10.0954
1251 10.1225
1252 9.98158
1253 9.64387
1254 9.62727
1255 9.82096
1256 9.92635
1257 9.85074
1258 9.79148
1259 9.6216
1260 9.70557
1261 9.67175
1262 9.66056
1263 9.54715
1264 9.3608
1265 9.38918
1266 9.4865
1267 9.46408
1268 9.53008
1269 9.47109
1270 9.34812
1271 9.77335
1272 9.47819
1273 9.78815
1274 9.80847
1275 9.88733
1276 9.9101
1277 9.7409
1278 9.69899
1279 9.89522
1280 9.81422
1281 9.8061
1282 9.68403
1283 9.89932
1284 9.98672
1285 9.74595
1286 9.69195
1287 9.70967
1288 9.76448
1289 9.96285
1290 10.0485
1291 10.0253
1292 9.93951
1293 10.1738
1294 10.0062
1295 10.1735
1296 10.2928
1297 10.3761
1298 10.3066
1299 10.5127
1300 10.7916
1301 10.6272
1302 10.5591
1303 10.7177
1304 10.7295
1305 10.635
1306 10.9077
1307 10.7142
1308 10.6373
1309 10.4562
1310 10.4643
1311 10.6076
1312 10.5526
1313 10.7378
1314 10.7234
1315 11.0651
1316 11.2287
1317 11.1659
1318 11.117
1319 11.2921
1320 11.064
1321 11.0092
1322 10.9922
1323 11.1653
1324 11.0771
1325 11.1086
1326 11.1057
1327 10.9677
1328 11.2645
1329 11.1726
1330 11.3039
1331 11.3136
1332 11.2499
1333 11.1892
1334 11.119
1335 11.1059
1336 10.9297
1337 10.8882
1338 10.7026
1339 10.6999
1340 11.0224
1341 10.7683
1342 10.9707
1343 10.8572
1344 10.8655
1345 10.8659
1346 11.1085
1347 11.3911
1348 11.5235
1349 11.4885
1350 11.4051
1351 11.633
1352 11.5292
1353 11.6146
1354 11.6296
1355 11.6486
1356 11.8748
1357 11.8757
1358 11.9099
1359 11.8957
1360 11.7202
1361 11.5763
1362 11.5448
1363 11.6005
1364 11.6581
1365 12.1107
1366 12.2298
1367 12.1151
1368 12.3412
1369 12.1927
1370 12.2812
1371 12.2425
1372 12.0651
1373 12.1339
1374 12.1233
1375 12.1081
1376 11.9725
1377 11.7291
1378 11.6502
1379 11.6284
1380 11.6693
1381 11.6251
1382 11.5961
1383 11.718
1384 11.7205
1385 11.7894
1386 11.8039
1387 11.9606
1388 12.09
1389 12.2748
1390 12.3108
1391 12.2158
1392 12.0417
1393 12.0677
1394 12.2684
1395 12.129
1396 12.3934
1397 12.3909
1398 12.5269
1399 12.8549
1400 12.8022
1401 12.7488
1402 13.0856
1403 13.075
1404 12.9904
1405 12.8423
1406 13.0334
1407 13.162
1408 13.1126
1409 13.0543
1410 13.1004
1411 13.0761
1412 12.9775
1413 13.1076
1414 13.1409
1415 13.2341
1416 13.1926
1417 12.9301
1418 13.2672
1419 13.4342
1420 13.6175
1421 13.7561
1422 13.5106
1423 13.7193
1424 13.9559
1425 13.7463
1426 13.7712
1427 13.8361
1428 13.8702
1429 14.0412
1430 14.0414
1431 14.1334
1432 13.9854
1433 14.2647
1434 14.5743
1435 14.3291
1436 14.3748
1437 14.352
1438 14.3179
1439 14.2578
1440 14.3283
1441 14.3506
1442 14.1699
1443 14.0727
1444 13.7911
1445 13.6985
1446 13.693
1447 13.4356
1448 13.6515
1449 13.5862
1450 13.8495
1451 14.0457
1452 13.9897
1453 14.014
1454 13.9536
1455 14.0191
1456 14.2152
1457 14.1729
1458 14.0989
1459 14.1104
1460 14.0431
1461 14.2484
1462 14.1429
1463 14.1366
1464 14.2502
1465 14.3859
1466 14.4156
1467 14.4167
1468 14.6129
1469 14.6483
1470 14.8401
1471 14.7171
1472 14.4978
1473 14.3429
1474 14.2661
1475 14.3451
1476 14.5559
1477 14.4713
1478 14.3254
1479 14.1509
1480 14.1805
1481 13.9129
1482 14.1903
1483 14.1304
1484 14.1929
1485 13.9785
1486 13.8387
1487 13.7049
1488 13.3703
1489 13.3465
1490 12.9573
1491 12.9306
1492 13.0209
1493 13.1592
1494 12.8989
1495 12.8772
1496 12.8153
1497 12.6475
1498 12.577
1499 12.3568
1500 12.1954
1501 12.0445
1502 11.9461
1503 11.8385
1504 11.8524
1505 11.723
1506 11.8208
1507 11.8438
1508 11.7587
1509 11.4334
1510 11.2538
1511 10.996
1512 11.309
1513 10.9319
1514 10.9601
1515 11.0747
1516 11.2083
1517 11.0465
1518 11.044
1519 10.9541
1520 10.9157
1521 10.3178
1522 9.99604
1523 10.0204
1524 9.87836
1525 9.90052
1526 9.88494
1527 9.7288
1528 9.47344
1529 9.11986
1530 9.10522
1531 8.97652
1532 8.95672
1533 9.06779
1534 8.79436
1535 8.46496
1536 8.2912
1537 8.33384
1538 8.50937
1539 8.83878
1540 9.06974
1541 9.36991
1542 9.39641
1543 9.54947
1544 9.42435
1545 9.2729
1546 9.01439
1547 9.08225
1548 9.30501
1549 9.42484
1550 9.33931
1551 9.16888
1552 9.40385
1553 9.34839
1554 9.43739
1555 9.46327
1556 9.4735
1557 9.68122
1558 9.49461
1559 9.2748
1560 9.18409
1561 9.27283
1562 9.27464
1563 9.10744
1564 9.26019
1565 9.41313
1566 9.42309
1567 9.55374
1568 9.37149
1569 9.64637
1570 9.68461
1571 9.64326
1572 9.71979
1573 9.57417
1574 9.39116
1575 9.56961
1576 9.39485
1577 9.3025
1578 9.19129
1579 9.06282
1580 9.06418
1581 9.16265
1582 8.88615
1583 8.97017
1584 8.89585
1585 8.96741
1586 8.91072
1587 8.91498
1588 8.99247
1589 9.06146
1590 9.1045
1591 8.97965
1592 8.94226
1593 8.72174
1594 8.83225
1595 8.88214
1596 8.9275
1597 9.0255
1598 9.05558
1599 9.0991
1600 9.1954
1601 9.30964
1602 9.39208
1603 9.43952
1604 9.37257
1605 9.25075
1606 9.03833
1607 8.98107
1608 9.06791
1609 9.22174
1610 9.07839
1611 9.13288
1612 9.34739
1613 9.17956
1614 9.21903
1615 9.22166
1616 9.22897
1617 8.86812
1618 9.02789
1619 9.06809
1620 9.11022
1621 9.48649
1622 9.40815
1623 9.34297
1624 9.41661
1625 9.52355
1626 9.55085
1627 9.53262
1628 9.72143
1629 9.43795
1630 9.12091
1631 9.09264
1632 9.01149
1633 8.90223
1634 8.73595
1635 8.9052
1636 9.05642
1637 9.10974
1638 8.8811
1639 8.7839
1640 8.84725
1641 8.93492
1642 8.92131
1643 8.72528
1644 8.79544
1645 8.6584
1646 8.49731
1647 8.49261
1648 8.64384
1649 8.7931
1650 8.78008
1651 8.72159
1652 8.93795
1653 8.85262
1654 8.90192
1655 8.75745
1656 8.67945
1657 8.70625
1658 8.64232
1659 8.69652
1660 8.59755
1661 8.35474
1662 8.23324
1663 8.07339
1664 8.19194
1665 8.15547
1666 8.11936
1667 8.16491
1668 8.11326
1669 8.06219
1670 8.09317
1671 8.32938
1672 8.30023
1673 8.15246
1674 8.39549
1675 8.32158
1676 8.51856
1677 8.59551
1678 8.7689
1679 8.61516
1680 8.53518
1681 8.67373
1682 8.94369
1683 9.00382
1684 8.93267
1685 8.99022
1686 9.07897
1687 8.89102
1688 8.75314
1689 8.85099
1690 8.60397
1691 8.70028
1692 8.1807
1693 8.32664
1694 8.65188
1695 8.73207
1696 8.63795
1697 8.52453
1698 8.4421
1699 8.42371
1700 8.60042
1701 8.60629
1702 8.66793
1703 8.43207
1704 8.17839
1705 8.05911
1706 7.96245
1707 8.00852
1708 8.18881
1709 8.24332
1710 8.19951
1711 8.14468
1712 8.12358
1713 8.12947
1714 8.20487
1715 8.21486
1716 8.01092
1717 8.16324
1718 7.94653
1719 8.22575
1720 8.35929
1721 8.36585
1722 8.4543
1723 8.38289
1724 8.35786
1725 8.49811
1726 8.431
1727 8.55627
1728 8.71712
1729 8.45957
1730 8.71449
1731 8.88907
1732 9.03948
1733 8.89678
1734 8.84956
1735 8.78436
1736 8.87641
1737 8.95981
1738 9.02938
1739 8.86434
1740 8.94343
1741 8.78464
1742 8.86847
1743 8.75839
1744 9.00885
1745 9.15603
1746 9.12779
1747 9.1521
1748 9.23418
1749 9.2067
1750 9.18073
1751 9.20169
1752 8.96283
1753 8.86216
1754 9.07662
1755 9.10905
1756 9.11719
1757 9.20942
1758 9.00539
1759 9.04692
1760 8.99537
1761 8.65534
1762 8.28138
1763 8.4495
1764 8.6165
1765 8.44921
1766 8.54841
1767 8.42993
1768 8.40021
1769 8.30011
1770 8.357
1771 8.10011
1772 8.03647
1773 8.02644
1774 8.19587
1775 8.16957
1776 8.01685
1777 7.95933
1778 8.19037
1779 8.48431
1780 8.55023
1781 8.72977
1782 8.90421
1783 8.98247
1784 9.04779
1785 9.1002
1786 8.87691
1787 9.30008
1788 9.26262
1789 9.32141
1790 9.14194
1791 8.93004
1792 8.79761
1793 8.76294
1794 8.83295
1795 8.83345
1796 9.01447
1797 8.93276
1798 8.67329
1799 8.54889
1800 8.6422
1801 8.57841
1802 8.5773
1803 8.38824
1804 8.34905
1805 8.46319
1806 8.33733
1807 8.27644
1808 8.47326
1809 8.57613
1810 8.78538
1811 8.73866
1812 8.94497
1813 9.16132
1814 9.11302
1815 9.37693
1816 9.46232
1817 9.30126
1818 9.40897
1819 9.72453
1820 9.85906
1821 9.98968
1822 9.96397
1823 9.72985
1824 9.87449
1825 10.0399
1826 10.2979
1827 10.2827
1828 10.0516
1829 9.869
1830 9.61702
1831 9.48998
1832 9.63978
1833 9.71298
1834 9.56184
1835 9.52051
1836 9.5516
1837 9.63231
1838 9.72077
1839 9.56916
1840 9.89447
1841 10.3669
1842 10.3208
1843 10.6588
1844 10.5357
1845 10.7682
1846 10.5603
1847 10.5719
1848 10.6012
1849 10.989
1850 11.0796
1851 11.1899
1852 11.1252
1853 11.0871
1854 11.245
1855 11.1861
1856 11.1703
1857 11.302
1858 11.1843
1859 11.2214
1860 11.1652
1861 11.3722
1862 11.5455
1863 11.2351
1864 11.2394
1865 11.274
1866 11.2339
1867 11.1216
1868 11.093
1869 11.0793
1870 11.1203
1871 11.2391
1872 11.2792
1873 11.3831
1874 11.3017
1875 11.0792
1876 11.3308
1877 11.2811
1878 11.2226
1879 11.2586
1880 11.2962
1881 11.0765
1882 10.8756
1883 10.7572
1884 10.8637
1885 10.9791
1886 10.9788
1887 11.0674
1888 11.0931
1889 11.0147
1890 11.0661
1891 11.132
1892 11.2734
1893 11.254
1894 11.3074
1895 11.2748
1896 11.2059
1897 11.2807
1898 11.4411
1899 11.719
1900 11.7318
1901 11.918
1902 11.9201
1903 11.9141
1904 11.7043
1905 11.6039
1906 11.597
1907 11.5382
1908 11.6156
1909 11.5853
1910 11.4921
1911 11.5302
1912 11.4926
1913 11.6518
1914 11.6346
1915 11.6279
1916 11.6232
1917 11.2686
1918 11.2987
1919 11.2983
1920 11.5131
1921 11.3264
1922 11.1768
1923 10.8352
1924 11.0702
1925 11.2177
1926 11.2593
1927 11.3142
1928 11.0337
1929 11.0067
1930 11.0792
1931 11.0282
1932 11.0333
1933 11.1846
1934 10.8647
1935 10.7995
1936 10.7212
1937 10.9797
1938 10.8625
1939 11.1146
1940 11.2127
1941 11.016
1942 10.8545
1943 10.9117
1944 11.0692
1945 10.9094
1946 11.077
1947 11.0273
1948 11.1978
1949 11.1114
1950 10.9542
1951 10.9456
1952 11.0944
1953 11.2107
1954 11.0781
1955 11.198
1956 11.2569
1957 11.2954
1958 11.2397
1959 11.2966
1960 11.3655
1961 11.3649
1962 11.2701
1963 11.3997
1964 11.6551
1965 11.6744
1966 11.6893
1967 11.7846
1968 11.6661
1969 11.8986
1970 11.9972
1971 11.9756
1972 12.02
1973 12.1383
1974 12.1956
1975 12.4205
1976 12.2674
1977 11.9987
1978 11.7381
1979 11.5716
1980 11.6479
1981 11.2923
1982 11.2801
1983 11.3618
1984 11.2025
1985 11.2791
1986 11.4031
1987 11.4072
1988 11.2625
1989 11.3652
1990 11.4374
1991 11.6476
1992 11.6721
1993 11.3749
1994 11.2412
1995 11.197
1996 11.2185
1997 11.1163
1998 11.0146
1999 11.1336
2000 11.2635
2001 11.3882
2002 11.6864
2003 11.6085
2004 11.3361
2005 11.5084
2006 11.4116
2007 11.2518
2008 11.0087
2009 11.1824
2010 10.8721
2011 10.6813
2012 10.4836
2013 10.305
2014 10.3332
2015 10.1851
2016 10.2105
2017 10.242
2018 10.2831
2019 10.249
2020 10.1416
2021 10.1208
2022 10.065
2023 9.86408
2024 10.137
2025 9.98933
2026 10.092
2027 10.0112
2028 9.55877
2029 9.62168
2030 9.31717
2031 9.10014
2032 9.30381
2033 9.36976
2034 9.36429
2035 9.26145
2036 9.37932
2037 9.37709
2038 9.46441
2039 9.66072
2040 9.73453
2041 9.72696
2042 9.77119
2043 9.73345
2044 9.66894
2045 9.82363
2046 9.92048
2047 10.1556
2048 9.98974
2049 9.75816
2050 9.96647
2051 9.77621
2052 9.43529
2053 9.47957
2054 9.27457
2055 9.19315
2056 9.03184
2057 9.12356
2058 8.91137
2059 9.01643
2060 9.35443
2061 9.15041
2062 9.00387
2063 9.0436
2064 9.15869
2065 9.28903
2066 9.66189
2067 9.53121
2068 9.35875
2069 9.51178
2070 9.54437
2071 9.68802
2072 9.74407
2073 9.75969
2074 9.89465
2075 9.81019
2076 9.96951
2077 9.78019
2078 9.82586
2079 10.0514
2080 10.2141
2081 10.2617
2082 10.2945
2083 10.5171
2084 10.359
2085 10.6458
2086 10.5159
2087 10.4273
2088 10.4327
2089 10.6852
2090 10.6351
2091 10.6278
2092 10.4703
2093 10.5988
2094 10.5136
2095 10.4795
2096 10.5066
2097 10.3387
2098 10.3444
2099 10.2489
2100 10.3466
2101 10.4045
2102 10.4807
2103 10.5513
2104 10.3581
2105 10.367
2106 10.199
2107 10.2916
2108 10.5412
2109 10.6326
2110 10.6806
2111 10.6504
2112 10.6661
2113 10.6814
2114 10.5308
2115 10.6799
2116 10.6401
2117 10.462
2118 10.285
2119 10.1636
2120 9.74277
2121 9.82133
2122 9.68361
2123 9.53546
2124 9.53039
2125 9.51785
2126 9.46569
2127 9.60144
2128 9.85703
2129 10.0475
2130 9.72857
2131 9.52712
2132 9.57099
2133 9.82082
2134 9.58902
2135 9.69691
2136 9.87326
2137 9.58576
2138 9.61592
2139 9.50998
2140 9.55745
2141 9.67735
2142 9.52593
2143 9.2558
2144 9.24753
2145 8.90587
2146 8.9708
2147 9.23171
2148 9.47746
2149 9.4383
2150 9.52277
2151 9.64837
2152 9.56028
2153 9.64872
2154 9.61515
2155 9.68788
2156 9.59875
2157 9.80321
2158 9.95105
2159 9.85401
2160 9.54061
2161 9.18076
2162 9.08194
2163 8.97224
2164 8.95756
2165 9.17725
2166 9.44894
2167 9.49694
2168 9.3426
2169 9.44047
2170 9.2749
2171 9.12582
2172 9.16324
2173 9.10399
2174 8.88732
2175 8.73013
2176 8.89421
2177 8.79236
2178 8.78555
2179 8.83031
2180 8.95221
2181 8.75193
2182 8.94274
2183 8.74223
2184 8.68877
2185 8.62093
2186 8.68192
2187 8.66705
2188 8.49935
2189 8.86033
2190 9.24218
2191 9.40629
2192 9.55786
2193 9.59311
2194 9.91081
2195 10.236
2196 10.5901
2197 10.2645
2198 10.3521
2199 10.4962
2200 10.5603
2201 10.3088
2202 10.2725
2203 10.0772
2204 9.87723
2205 9.78828
2206 9.6783
2207 9.61775
2208 9.52788
2209 9.46937
2210 9.08001
2211 9.15549
2212 9.29043
2213 9.21072
2214 9.13065
2215 9.00819
2216 9.08361
2217 9.1709
2218 9.15074
2219 9.38135
2220 9.49823
2221 9.78399
2222 9.70486
2223 9.72167
2224 9.67236
2225 9.65139
2226 9.8993
2227 9.73899
2228 9.47092
2229 9.80365
2230 9.83968
2231 9.93107
2232 9.66776
2233 9.61144
2234 9.48459
2235 9.68256
2236 9.63295
2237 9.71503
2238 9.66282
2239 9.94466
2240 10.1284
2241 10.3737
2242 10.4575
2243 10.1602
2244 10.377
2245 10.3244
2246 10.1882
2247 10.2716
2248 10.1799
2249 10.3221
2250 10.2615
2251 9.97322
2252 9.85907
2253 9.75814
2254 9.8248
2255 9.63311
2256 9.73451
2257 9.46963
2258 9.2803
2259 9.32515
2260 9.45073
2261 9.28107
2262 9.262
2263 9.11791
2264 9.16024
2265 9.50491
2266 9.29771
2267 9.36764
2268 9.40939
2269 9.5135
2270 9.40919
2271 9.43303
2272 9.21888
2273 9.34065
2274 9.60299
2275 9.59365
2276 9.64792
2277 9.88966
2278 10.0892
2279 10.1459
2280 10.3086
2281 10.3067
2282 10.3607
2283 10.2985
2284 10.5392
2285 10.6392
2286 10.833
2287 10.8326
2288 10.7928
2289 10.949
2290 10.8478
2291 10.6903
2292 10.8331
2293 10.9895
2294 10.9087
2295 10.7382
2296 10.7025
2297 10.9789
2298 10.8779
2299 10.8851
2300 10.5616
2301 10.4233
2302 10.2238
2303 10.2418
2304 10.3061
2305 10.3002
2306 9.98922
2307 10.0936
2308 9.68693
2309 9.78857
2310 9.80249
2311 9.73726
2312 9.55253
2313 9.71493
2314 10.0201
2315 9.81984
2316 9.63173
2317 9.57873
2318 9.51573
2319 9.50001
2320 9.70647
2321 9.63346
2322 9.63414
2323 9.68261
2324 9.84711
2325 9.84834
2326 9.96033
2327 9.90158
2328 10.0687
2329 10.2729
2330 10.3549
2331 10.5422
2332 10.3404
2333 10.3434
2334 10.5619
2335 10.7723
2336 10.8297
2337 10.8769
2338 10.901
2339 11.0794
2340 11.1093
2341 10.8063
2342 10.7733
2343 10.9487
2344 10.9466
2345 10.907
2346 11.0624
2347 10.8803
2348 11.0417
2349 11.0394
2350 10.9893
2351 11.0605
2352 11.0767
2353 10.946
2354 10.9726
2355 11.1985
2356 10.9813
2357 10.8588
2358 10.9823
2359 10.8873
2360 11.1222
2361 11.146
2362 11.19
2363 11.262
2364 11.4995
2365 11.6817
2366 11.4557
2367 11.3261
2368 11.2362
2369 11.2854
2370 11.3247
2371 11.1342
2372 11.1748
2373 11.3185
2374 11.2589
2375 11.3611
2376 11.3938
2377 11.494
2378 11.312
2379 11.4666
2380 11.6598
2381 11.8427
2382 11.9959
2383 12.0231
2384 12.0851
2385 12.3583
2386 12.1526
2387 12.1388
2388 12.2802
2389 12.207
2390 12.2922
2391 12.1532
2392 12.0985
2393 12.0314
2394 12.0765
2395 11.7839
2396 11.7442
2397 11.8939
2398 11.7354
2399 11.4765
2400 11.634
2401 11.5378
2402 11.3599
2403 11.497
2404 11.5629
2405 11.4132
2406 11.9362
2407 12.2318
2408 12.0973
2409 12.2451
2410 12.0359
2411 11.8316
2412 11.9241
2413 11.9419
2414 11.8933
2415 11.9376
2416 12.0507
2417 12.1292
2418 12.3925
2419 12.2216
2420 11.9758
2421 12.0256
2422 12.1409
2423 11.8584
2424 11.6607
2425 11.6769
2426 11.5608
2427 11.4155
2428 11.4949
2429 11.4197
2430 11.5237
2431 11.8661
2432 11.9889
2433 11.8157
2434 12.0147
2435 12.0783
2436 12.1248
2437 11.6862
2438 11.4352
2439 11.2786
2440 11.1496
2441 11.416
2442 11.4752
2443 11.3463
2444 11.1695
2445 11.0635
2446 11.1716
2447 11.347
2448 11.4159
2449 11.4174
2450 11.3692
2451 11.4067
2452 11.1156
2453 11.0086
2454 10.7852
2455 10.9813
2456 10.8564
2457 10.735
2458 10.5371
2459 10.5608
2460 10.6058
2461 10.742
2462 10.649
2463 10.5733
2464 10.6528
2465 10.6442
2466 10.4362
2467 10.373
2468 10.5475
2469 10.1379
2470 10.2789
2471 10.0431
2472 10.032
2473 9.8899
2474 10.2341
2475 10.2631
2476 10.4234
2477 10.4391
2478 10.7041
2479 10.5666
2480 10.5156
2481 10.5124
2482 10.4875
2483 10.4492
2484 10.4671
2485 10.5447
2486 10.507
2487 10.5422
2488 10.6217
2489 10.476
2490 10.3939
2491 10.433
2492 10.1502
2493 10.1747
2494 10.0271
2495 10.2951
2496 10.3989
2497 10.3447
2498 10.519
2499 10.3066
2500 10.2434
2501 10.3151
2502 10.6091
2503 10.7126
2504 10.5745
2505 10.6946
2506 10.7126
2507 10.6129
2508 10.3093
2509 10.3518
2510 10.197
2511 10.139
2512 10.4449
2513 10.3399
2514 10.5718
2515 10.3795
2516 10.4819
2517 10.2551
2518 10.2433
2519 9.92461
2520 9.84238
2521 9.65137
2522 9.92851
2523 10.0866
2524 10.0961
2525 10.1479
2526 9.95485
2527 10.0201
2528 9.95961
2529 10.2736
2530 10.1241
2531 10.2586
2532 10.5904
2533 10.7996
2534 10.8676
2535 10.8143
2536 10.9312
2537 10.964
2538 10.6933
2539 10.5864
2540 10.5754
2541 10.3387
2542 10.2927
2543 10.4158
2544 10.6717
2545 10.5898
2546 10.8214
2547 10.9986
2548 10.8843
2549 10.8748
2550 10.7614
2551 10.9056
2552 11.083
2553 11.3523
2554 10.9364
2555 11.2681
2556 11.0423
2557 10.8355
2558 10.8364
2559 10.9484
2560 10.8315
2561 10.5236
2562 10.4086
2563 10.3144
2564 10.3013
2565 9.95915
2566 9.96657
2567 9.83933
2568 9.50808
2569 9.62132
2570 9.3196
2571 9.23862
2572 9.16004
2573 9.33593
2574 9.08273
2575 8.9487
2576 8.88864
2577 8.85859
2578 9.01208
2579 8.95941
2580 8.96482
2581 8.92748
2582 8.99105
2583 9.25873
2584 9.32313
2585 9.16958
2586 9.08247
2587 9.22153
2588 9.34728
2589 9.29093
2590 9.21944
2591 8.98329
2592 8.89093
2593 8.78087
2594 8.7875
2595 8.80849
2596 8.624
2597 8.62219
2598 8.7877
2599 8.6733
2600 8.57593
2601 8.39778
2602 8.27026
2603 7.938
2604 8.02242
2605 8.00297
2606 7.86476
2607 7.92354
2608 7.94811
2609 8.08167
2610 8.14735
2611 8.25454
2612 8.21231
2613 8.36206
2614 8.34847
2615 8.14018
2616 8.04719
2617 8.1649
2618 8.19524
2619 8.2828
2620 8.49045
2621 8.96159
2622 8.77265
2623 8.69095
2624 8.8924
2625 9.06365
2626 9.07189
2627 9.03375
2628 9.31589
2629 9.34157
2630 9.39315
2631 9.30396
2632 9.27152
2633 9.39908
2634 9.31491
2635 9.45074
2636 9.68435
2637 9.57232
2638 9.43065
2639 9.50287
2640 9.23277
2641 9.41044
2642 9.42985
2643 9.60498
2644 9.60856
2645 9.78828
2646 9.69316
2647 9.56582
2648 9.65918
2649 9.51133
2650 9.3093
2651 9.44317
2652 9.47093
2653 9.46558
2654 9.63662
2655 9.65415
2656 9.48706
2657 9.55986
2658 9.50467
2659 9.51734
2660 9.58109
2661 9.56922
2662 9.38242
2663 9.41603
2664 9.35055
2665 9.2335
2666 9.07313
2667 9.07295
2668 8.99439
2669 8.88179
2670 8.9519
2671 8.71358
2672 8.79459
2673 8.7534
2674 8.90371
2675 8.91351
2676 8.81982
2677 8.65148
2678 8.57895
2679 8.63148
2680 8.65672
2681 8.77153
2682 8.88742
2683 8.81957
2684 8.78986
2685 8.79216
2686 8.64704
2687 8.68129
2688 8.59406
2689 8.63456
2690 8.70287
2691 8.54553
2692 8.77255
2693 8.67179
2694 8.4139
2695 8.51756
2696 8.48283
2697 8.54777
2698 8.40028
2699 8.41109
2700 8.52024
2701 8.55877
2702 8.47933
2703 8.26139
2704 8.25403
2705 8.32135
2706 8.19049
2707 8.16371
2708 8.45761
2709 8.69489
2710 8.62344
2711 8.43008
2712 8.33377
2713 8.32868
2714 8.41381
2715 8.62092
2716 8.88055
2717 8.97764
2718 8.88878
2719 8.92099
2720 9.08936
2721 9.20051
2722 9.33127
2723 9.51643
2724 9.60318
2725 9.54542
2726 9.5063
2727 9.65783
2728 9.39519
2729 9.28768
2730 9.34105
2731 9.35548
2732 9.51907
2733 9.48993
2734 9.35711
2735 9.30995
2736 9.27802
2737 9.40691
2738 9.50984
2739 9.49844
2740 9.71837
2741 9.85536
2742 9.80309
2743 9.95126
2744 10.1819
2745 10.1624
2746 10.02
2747 10.1724
2748 10.2908
2749 10.2019
2750 10.4704
2751 10.5767
2752 10.5511
2753 10.5753
2754 10.5549
2755 10.65
2756 10.6375
2757 10.6036
2758 10.6783
2759 10.8915
2760 10.8499
2761 10.5279
2762 10.4013
2763 10.347
2764 10.5441
2765 10.3483
2766 10.5008
2767 10.6432
2768 10.4719
2769 10.3383
2770 10.2506
2771 10.2504
2772 10.4032
2773 10.2849
2774 10.2484
2775 10.0503
2776 9.76802
2777 9.69386
2778 9.97999
2779 9.86607
2780 9.99586
2781 10.2317
2782 10.1487
2783 10.2434
2784 10.2546
2785 10.1551
2786 10.224
2787 10.3589
2788 10.5223
2789 10.7448
2790 11.0288
2791 10.9174
2792 10.8313
2793 10.9796
2794 10.8528
2795 10.8963
2796 10.6324
2797 10.6837
2798 10.692
2799 10.7006
2800 10.5619
2801 10.8091
2802 10.8405
2803 10.9165
2804 11.0247
2805 10.7168
2806 10.7423
2807 10.4016
2808 10.2769
2809 10.3612
2810 10.4567
2811 10.5674
2812 10.8319
2813 10.9659
2814 10.9662
2815 11.3334
2816 11.3602
2817 11.4443
2818 11.3038
2819 11.0225
2820 10.9515
2821 11.0774
2822 11.2164
2823 11.1559
2824 11.1049
2825 11.1687
2826 11.0822
2827 10.9161
2828 10.919
2829 10.8369
2830 10.9302
2831 10.99
2832 10.9355
2833 11.2196
2834 11.3657
2835 11.1859
2836 11.1678
2837 11.2561
2838 11.2796
2839 11.1587
2840 11.4441
2841 11.4272
2842 11.2571
2843 11.0633
2844 11.1054
2845 11.2513
2846 11.2161
2847 11.017
2848 11.2552
2849 11.5089
2850 11.506
2851 11.3974
2852 11.7065
2853 11.5497
2854 11.7888
2855 11.835
2856 12.0135
2857 12.1998
2858 12.3401
2859 12.2293
2860 12.3621
2861 12.5415
2862 12.343
2863 12.3115
2864 12.196
2865 12.2859
2866 12.0481
2867 12.1022
2868 12.0026
2869 12.2193
2870 12.2543
2871 12.0635
2872 12.3355
2873 12.0542
2874 11.9827
2875 12.1073
2876 12.0461
2877 12.1548
2878 12.3386
2879 12.2833
2880 12.3944
2881 12.4445
2882 12.5875
2883 12.5954
2884 12.746
2885 13.0863
2886 13.1668
2887 13.216
2888 13.4015
2889 13.3722
2890 13.3673
2891 13.2487
2892 13.2636
2893 13.2068
2894 13.5514
2895 13.3764
2896 13.6797
2897 13.4809
2898 13.333
2899 13.5493
2900 13.7453
2901 13.9464
2902 14.2117
2903 14.2467
2904 14.2631
2905 14.1614
2906 14.0502
2907 13.6805
2908 13.3611
2909 13.3832
2910 13.1332
2911 13.1954
2912 13.0888
2913 13.1161
2914 12.9335
2915 13.0052
2916 12.6785
2917 12.7101
2918 12.9509
2919 12.864
2920 12.8341
2921 12.7038
2922 12.5479
2923 12.4094
2924 12.162
2925 11.951
2926 11.7986
2927 12.0137
2928 11.991
2929 11.5875
2930 11.2689
2931 11.0503
2932 11.0994
2933 11.0166
2934 10.7405
2935 10.9107
2936 11.0822
2937 11.2736
2938 10.9802
2939 11.0481
2940 10.9713
2941 10.8484
2942 10.8981
2943 11.0573
2944 11.0699
2945 11.0457
2946 11.0175
2947 10.8653
2948 10.9753
2949 10.818
2950 10.7478
2951 10.9042
2952 10.9652
2953 10.9403
2954 11.1714
2955 11.2377
2956 11.3362
2957 11.3621
2958 11.2769
2959 11.3471
2960 11.5077
2961 11.6843
2962 11.8089
2963 12.1628
2964 12.3006
2965 12.4715
2966 12.3965
2967 12.2783
2968 12.0559
2969 11.9447
2970 11.8139
2971 11.6628
2972 11.5657
2973 11.4205
2974 11.2562
2975 11.3351
2976 11.4101
2977 11.4042
2978 11.2211
2979 11.2875
2980 11.5425
2981 11.6122
2982 11.5942
2983 11.5845
2984 11.7802
2985 11.9261
2986 11.8002
2987 11.8313
2988 11.8096
2989 11.9621
2990 11.5264
2991 11.4805
2992 11.6029
2993 11.6991
2994 11.7565
2995 11.6457
2996 11.6728
2997 11.8876
2998 11.9213
2999 11.9983
3000 11.8088
3001 12.0749
3002 12.0395
3003 11.9651
3004 12.0031
3005 11.9134
3006 11.8741
3007 11.7297
3008 11.8565
3009 11.8663
3010 11.9134
3011 11.7114
3012 11.6458
3013 11.754
3014 11.6631
3015 11.4048
3016 11.2863
3017 11.4832
3018 11.39
3019 11.2461
3020 11.1252
3021 11.1058
3022 11.2754
3023 11.1916
3024 11.3563
3025 11.349
3026 11.3191
3027 11.0071
3028 11.0649
3029 11.3463
3030 11.5905
3031 11.7257
3032 12.0328
3033 11.9714
3034 11.9594
3035 11.8585
3036 11.7792
3037 11.8896
3038 12.0733
3039 11.9289
3040 12.009
3041 12.1959
3042 12.3154
3043 12.533
3044 12.3768
3045 12.4055
3046 12.5124
3047 12.4727
3048 12.5093
3049 12.6754
3050 12.9321
3051 12.8823
3052 13.2341
3053 13.3098
3054 13.1375
3055 12.8883
3056 12.7909
3057 12.7809
3058 12.9007
3059 13.0103
3060 12.7327
3061 13.0078
3062 13.0144
3063 12.997
3064 13.0436
3065 13.1014
3066 13.0226
3067 12.9792
3068 13.071
3069 13.1921
3070 13.3724
3071 13.5548
3072 13.8452
3073 13.9347
3074 13.7447
3075 13.8413
3076 13.8638
3077 14.0116
3078 14.1
3079 14.0944
3080 14.1405
3081 14.2394
3082 14.2897
3083 14.3054
3084 14.3185
3085 14.477
3086 14.2563
3087 14.2108
3088 14.3781
3089 14.3394
3090 14.0003
3091 13.9869
3092 13.8567
3093 13.7699
3094 13.7689
3095 13.8297
3096 13.8795
3097 14.0745
3098 13.8996
3099 14.0769
3100 14.1518
3101 14.1611
3102 13.8973
3103 14.0239
3104 14.2721
3105 14.2448
3106 14.3095
3107 14.2261
3108 14.4123
3109 14.442
3110 14.7256
3111 14.9313
3112 15.248
3113 15.3831
3114 15.4045
3115 15.2648
3116 15.4445
3117 15.4323
3118 15.2992
3119 15.2928
3120 15.3724
3121 15.2203
3122 15.205
3123 15.4365
3124 15.2981
3125 15.1302
3126 15.3098
3127 15.3235
3128 15.2562
3129 15.1148
3130 15.1115
3131 15.171
3132 14.9723
3133 15.052
3134 14.8939
3135 14.8642
3136 14.901
3137 14.8106
3138 14.824
3139 14.8282
3140 14.6316
3141 14.7477
3142 14.5923
3143 14.4944
3144 14.3528
3145 14.2144
3146 14.3496
3147 14.1799
3148 14.4497
3149 14.8636
3150 14.7367
3151 14.8485
3152 14.7569
3153 14.7257
3154 14.8796
3155 15.0559
3156 14.9389
3157 14.7896
3158 14.7518
3159 14.701
3160 14.5183
3161 14.2999
3162 14.4538
3163 14.6241
3164 14.6831
3165 14.6647
3166 14.4618
3167 14.4248
3168 14.3471
3169 14.4568
3170 14.3501
3171 14.4576
3172 14.5041
3173 14.4843
3174 14.723
3175 14.6652
3176 14.4067
3177 14.227
3178 14.1496
3179 14.0938
3180 13.8446
3181 13.729
3182 13.862
3183 14.1235
3184 14.1488
3185 14.0561
3186 14.1739
3187 13.9803
3188 14.1225
3189 14.1521
3190 14.177
3191 14.2146
3192 14.346
3193 14.4727
3194 14.4778
3195 14.4579
3196 14.1773
3197 14.2534
3198 14.2988
3199 14.3063
3200 14.3129
3201 13.9939
3202 13.9257
3203 13.7608
3204 13.7513
3205 13.4989
3206 13.5132
3207 13.3423
3208 13.4282
3209 13.5296
3210 13.7268
3211 13.7953
3212 13.6262
3213 13.3625
3214 13.2705
3215 13.1875
3216 13.433
3217 13.4007
3218 13.3934
3219 13.1431
3220 13.2171
3221 13.0289
3222 12.9724
3223 12.865
3224 12.9485
3225 12.8678
3226 13.1579
3227 12.8952
3228 13.0113
3229 12.6313
3230 12.4503
3231 12.4161
3232 12.2482
3233 12.3068
3234 12.2642
3235 12.368
3236 12.2295
3237 12.2383
3238 12.2518
3239 12.2591
3240 12.338
3241 12.255
3242 12.153
3243 12.0335
3244 11.8548
3245 11.7622
3246 11.6792
3247 11.6154
3248 11.5319
3249 11.5951
3250 11.6885
3251 11.5672
3252 11.5184
3253 11.8452
3254 11.8724
3255 11.6781
3256 11.5679
3257 11.4055
3258 11.4652
3259 11.3442
3260 11.2427
3261 11.3399
3262 11.46
3263 11.7366
3264 12.0741
3265 12.1741
3266 12.0586
3267 11.8009
3268 12.0411
3269 11.8821
3270 11.9597
3271 11.9581
3272 12.1586
3273 12.2008
3274 12.2693
3275 12.19
3276 12.1979
3277 12.1593
3278 12.111
3279 12.0896
3280 12.0813
3281 12.1514
3282 11.8726
3283 11.8455
3284 11.8335
3285 11.78
3286 11.632
3287 11.7087
3288 11.401
3289 11.4481
3290 11.449
3291 11.6314
3292 11.6407
3293 11.8842
3294 12.0192
3295 12.1478
3296 12.2331
3297 12.0971
3298 11.7911
3299 11.944
3300 11.7866
3301 11.7444
3302 11.7341
3303 11.9498
3304 11.7797
3305 11.7827
3306 11.8704
3307 11.7315
3308 11.754
3309 11.6046
3310 11.5355
3311 11.3454
3312 11.579
3313 11.5683
3314 11.4107
3315 11.3031
3316 11.3383
3317 11.5453
3318 11.6466
3319 11.7958
3320 11.8529
3321 11.9371
3322 11.944
3323 11.9027
3324 11.8546
3325 11.9409
3326 11.8989
3327 12.1018
3328 11.8769
3329 11.5864
3330 11.5224
3331 11.7559
3332 11.7702
3333 11.7224
3334 11.5672
3335 11.4173
3336 11.4193
3337 11.3875
3338 11.2964
3339 11.0123
3340 10.7174
3341 10.7414
3342 10.4979
3343 10.2969
3344 10.0176
3345 10.0413
3346 10.0107
3347 9.84172
3348 9.58929
3349 9.7582
3350 10.1137
3351 9.52251
3352 9.49929
3353 9.19562
3354 9.03605
3355 9.06515
3356 8.95102
3357 8.85927
3358 8.88026
3359 8.80902
3360 8.76681
3361 8.76773
3362 8.79443
3363 8.5918
3364 8.53125
3365 8.50001
3366 8.62073
3367 8.89292
3368 8.73463
3369 8.78322
3370 8.9423
3371 8.5448
3372 8.53902
3373 8.51143
3374 8.66787
