0 0
1 1.07933
2 1.72228
3 2.11595
4 2.51136
5 2.76908
6 3.06421
7 3.21938
8 3.2812
9 3.41529
10 3.40525
11 3.49527
12 3.51395
13 3.62683
14 3.76943
15 3.79448
16 4.0256
17 4.03452
18 4.11328
19 4.21426
20 4.29432
21 4.35162
22 4.29442
23 4.44265
24 4.61206
25 4.63606
26 4.81484
27 4.65528
28 4.55076
29 4.47732
30 4.62616
31 4.66479
32 4.71218
33 4.80046
34 4.9659
35 4.98763
36 5.06515
37 5.09803
38 5.08787
39 5.11465
40 5.01402
41 4.90853
42 4.98964
43 4.89257
44 4.99209
45 5.16009
46 5.08238
47 5.2425
48 5.34976
49 5.20339
50 5.21399
51 5.35594
52 5.49109
53 5.55896
54 5.4904
55 5.51877
56 5.43887
57 5.5292
58 5.67551
59 5.69495
60 5.70872
61 5.46658
62 5.61619
63 5.63829
64 5.54333
65 5.45852
66 5.56875
67 5.67107
68 5.73694
69 5.59386
70 5.52529
71 5.6794
72 5.7739
73 5.83653
74 5.86385
75 5.8335
76 5.91593
77 5.92621
78 5.74027
79 5.7703
80 5.90518
81 5.90046
82 5.85888
83 5.97258
84 6.13188
85 6.15981
86 6.06624
87 5.95114
88 5.95462
89 6.14865
90 6.26406
91 6.34003
92 6.32898
93 6.35308
94 6.29249
95 6.32133
96 6.25402
97 6.40569
98 6.53207
99 6.65961
100 6.75217
101 6.82186
102 6.74371
103 6.77045
104 6.78164
105 7.09202
106 7.18056
107 7.18189
108 7.26034
109 7.32525
110 7.41352
111 7.53836
112 7.54609
113 7.58962
114 7.56981
115 7.59949
116 7.58541
117 7.51002
118 7.66063
119 7.75406
120 8.01229
121 7.95925
122 7.93627
123 7.70971
124 7.72969
125 7.70348
126 7.58061
127 7.70928
128 7.83622
129 7.83126
130 7.93471
131 7.80316
132 7.84098
133 7.79416
134 7.69932
135 7.52679
136 7.55603
137 7.60127
138 7.60025
139 7.558
140 7.49338
141 7.3564
142 7.27973
143 7.32371
144 7.04454
145 7.0592
146 7.15915
147 7.02957
148 7.20055
149 7.33109
150 7.47956
151 7.36299
152 7.47661
153 7.50264
154 7.53397
155 7.68529
156 7.70484
157 7.73447
158 7.902
159 7.93611
160 8.11171
161 8.07022
162 8.16617
163 8.20739
164 8.1787
165 7.99023
166 8.0299
167 8.01313
168 7.91781
169 8.06127
170 8.0467
171 8.04848
172 8.09524
173 8.20014
174 8.09378
175 8.07701
176 8.08373
177 8.06264
178 8.25708
179 8.15711
180 8.12186
181 8.18412
182 8.25925
183 8.33448
184 8.34516
185 8.53828
186 8.60015
187 8.50492
188 8.63567
189 8.6382
190 8.7094
191 8.77474
192 8.73692
193 8.60545
194 8.63163
195 8.68273
196 8.66125
197 8.6707
198 8.66052
199 8.52258
200 8.52149
201 8.5658
202 8.4721
203 8.71142
204 8.79375
205 8.67712
206 8.6377
207 8.83281
208 8.93277
209 9.01883
210 9.01629
211 8.91854
212 9.08332
213 9.10446
214 9.26763
215 9.41532
216 9.17232
217 8.79793
218 8.86031
219 8.65185
220 8.46614
221 8.38996
222 8.39803
223 8.54655
224 8.31761
225 8.47559
226 8.41403
227 8.40915
228 8.33414
229 8.24871
230 8.23969
231 8.30299
232 8.34574
233 8.21892
234 8.29753
235 8.45461
236 8.46805
237 8.52501
238 8.66353
239 8.68944
240 8.75016
241 8.80089
242 8.74804
243 8.83274
244 8.84314
245 8.81297
246 8.84788
247 8.84052
248 8.8602
249 8.78766
250 8.81583
251 8.65717
252 8.67673
253 8.68785
254 8.56754
255 8.77007
256 8.99612
257 8.98264
258 8.97377
259 9.24889
260 9.4357
261 9.37397
262 9.50083
263 9.41963
264 9.36396
265 9.28353
266 9.24763
267 9.34709
268 9.2846
269 9.38892
270 9.40518
271 9.39007
272 9.27757
273 9.24324
274 9.23137
275 9.18077
276 9.159
277 9.05126
278 9.13222
279 9.17746
280 9.12952
281 9.29811
282 9.45683
283 9.39679
284 9.4257
285 9.3316
286 9.51441
287 9.34149
288 9.31231
289 9.52833
290 9.38051
291 9.43558
292 9.49281
293 9.61132
294 9.5512
295 9.62536
296 9.51109
297 9.44768
298 9.46696
299 9.45712
300 9.16001
301 9.12704
302 9.01533
303 9.17115
304 9.25417
305 9.34412
306 9.23938
307 9.36117
308 9.31816
309 9.43824
310 9.41607
311 9.38074
312 9.37173
313 9.27338
314 9.16006
315 9.31721
316 9.22276
317 9.32965
318 9.41681
319 9.44095
320 9.35822
321 9.40653
322 9.37253
323 9.35952
324 9.35147
325 9.17301
326 9.28672
327 9.41731
328 9.44847
329 9.37942
330 9.30954
331 9.30575
332 9.24895
333 9.26553
334 9.28234
335 9.29802
336 9.31478
337 9.23074
338 9.42295
339 9.27709
340 9.10129
341 9.17775
342 9.1093
343 9.28346
344 9.30055
345 9.37368
346 9.22997
347 9.4985
348 9.64421
349 9.75788
350 9.83996
351 9.91068
352 9.86802
353 9.9005
354 9.83842
355 9.99938
356 10.1078
357 10.1159
358 10.1016
359 10.1428
360 10.3661
361 10.3216
362 10.3985
363 10.3197
364 10.4136
365 10.5476
366 10.6401
367 10.7117
368 10.7278
369 10.685
370 10.7564
371 10.7967
372 10.7188
373 10.7132
374 10.6552
375 10.8934
376 10.7128
377 10.6305
378 10.7099
379 10.8275
380 10.6339
381 10.6716
382 10.6385
383 10.8262
384 10.9199
385 11.032
386 10.9041
387 10.8216
388 10.8802
389 10.9474
390 11.0922
391 11.1803
392 11.068
393 11.0471
394 11.2286
395 11.2462
396 11.1712
397 11.1655
398 11.2966
399 11.4477
400 11.2804
401 11.4496
402 11.3895
403 11.2415
404 11.2618
405 11.1872
406 11.0175
407 11.0592
408 11.145
409 11.1122
410 11.1
411 10.9978
412 10.9966
413 11.1676
414 11.3176
415 11.3012
416 11.3589
417 11.4782
418 11.3668
419 11.583
420 11.5916
421 11.6861
422 11.6792
423 11.7787
424 11.757
425 11.9168
426 12.1521
427 12.1256
428 12.1657
429 12.168
430 12.118
431 12.0221
432 12.0568
433 11.8638
434 11.7675
435 11.8269
436 11.8354
437 11.8091
438 12.0596
439 12.0863
440 12.1269
441 12.0693
442 11.8349
443 11.9483
444 11.8613
445 11.6725
446 12.0053
447 11.9712
448 11.9151
449 11.9076
450 12.0761
451 12.0233
452 12.0748
453 11.9445
454 12.1262
455 12.1403
456 12.0886
457 11.9547
458 11.9814
459 12.0473
460 11.9771
461 11.9012
462 11.9055
463 11.9534
464 11.8745
465 11.7845
466 12.0086
467 12.0237
468 11.9655
469 12.0469
470 11.846
471 11.8185
472 11.8049
473 11.8878
474 11.996
475 12.001
476 11.9166
477 11.9583
478 12.0732
479 12.0199
480 11.8108
481 11.8379
482 12.0216
483 11.9446
484 11.8476
485 11.8851
486 11.9182
487 11.9458
488 11.8894
489 12.1365
490 12.0894
491 12.2486
492 12.2221
493 12.0536
494 11.8718
495 11.8263
496 11.773
497 11.7398
498 11.699
499 11.6853
500 11.6099
501 11.6328
502 11.6982
503 11.7528
504 11.6618
505 11.5493
506 11.7778
507 11.6842
508 11.6993
509 11.737
510 11.5588
511 11.6242
512 11.4339
513 11.512
514 11.3911
515 11.491
516 11.5249
517 11.5454
518 11.727
519 11.72
520 11.6525
521 11.5845
522 11.5793
523 11.7244
524 11.6169
525 11.6598
526 11.7347
527 11.6335
528 11.7875
529 11.8254
530 11.7232
531 11.5748
532 11.5633
533 11.6001
534 11.4601
535 11.5525
536 11.4725
537 11.6767
538 11.6884
539 11.4081
540 11.5211
541 11.5028
542 11.4733
543 11.4611
544 11.3503
545 11.1667
546 11.0484
547 11.0844
548 11.0606
549 11.077
550 11.1888
551 11.0506
552 11.1477
553 11.2096
554 11.0843
555 11.0846
556 10.921
557 11.0284
558 11.1564
559 11.197
560 11.0386
561 11.0405
562 11.007
563 11.0671
564 11.0381
565 11.1053
566 11.0084
567 11.1436
568 11.0773
569 11.1064
570 11.1223
571 11.1626
572 10.9707
573 11.0074
574 11.048
575 10.9179
576 10.7205
577 10.7692
578 10.8252
579 10.8566
580 10.981
581 11.0773
582 11.1047
583 11.1899
584 11.1225
585 11.051
586 10.8269
587 10.6718
588 10.6689
589 10.7987
590 10.7736
591 10.7476
592 10.848
593 10.999
594 10.7839
595 10.6735
596 10.5678
597 10.6277
598 10.5909
599 10.6282
600 10.8281
601 10.9988
602 10.9863
603 11.0327
604 10.9419
605 10.9636
606 11.1364
607 11.2543
608 11.325
609 11.1365
610 11.2257
611 11.2881
612 11.2042
613 11.1455
614 10.8879
615 10.8249
616 10.853
617 10.7548
618 10.7845
619 10.8027
620 10.6115
621 10.564
622 10.6257
623 10.8149
624 10.8448
625 11.0744
626 11.0902
627 10.982
628 10.9792
629 10.9933
630 11.0588
631 10.9576
632 11.0027
633 11.0395
634 10.964
635 11.0352
636 10.9663
637 11.0555
638 10.9167
639 10.8518
640 10.7899
641 10.8558
642 10.6055
643 10.6444
644 10.629
645 10.586
646 10.5106
647 10.5653
648 10.4687
649 10.4496
650 10.5095
651 10.3743
652 10.5374
653 10.8066
654 10.7971
655 10.6996
656 10.6976
657 10.8812
658 10.78
659 10.8158
660 10.8269
661 10.6042
662 10.5845
663 10.4691
664 10.3156
665 10.4106
666 10.387
667 10.4735
668 10.4875
669 10.4836
670 10.3347
671 10.3834
672 10.1857
673 10.1453
674 10.1477
675 10.1003
676 9.94099
677 10.0666
678 10.04
679 10.1273
680 10.0909
681 10.1175
682 10.034
683 10.0121
684 10.0377
685 10.1234
686 10.1174
687 10.0077
688 10.086
689 9.97862
690 10.1509
691 10.0567
692 9.88698
693 9.97056
694 9.81373
695 9.85433
696 9.83848
697 9.97184
698 10.2179
699 10.1036
700 9.97528
701 10.0109
702 9.9458
703 10.0085
704 10.0254
705 10.1899
706 9.96962
707 9.92941
708 9.87309
709 9.93598
710 9.95419
711 10.189
712 10.1803
713 10.1331
714 10.138
715 10.3047
716 10.2954
717 10.4319
718 10.2435
719 10.2768
720 10.3572
721 10.3318
722 10.3932
723 10.5824
724 10.5238
725 10.647
726 10.666
727 10.6935
728 10.6852
729 10.7355
730 10.731
731 10.853
732 10.9316
733 10.8812
734 11.0363
735 11.0435
736 11.0085
737 10.9976
738 10.9128
739 10.8356
740 10.9017
741 10.7827
742 10.8057
743 10.8468
744 10.7263
745 10.7732
746 10.7739
747 10.6824
748 10.8136
749 10.7949
750 10.8941
751 10.765
752 10.8722
753 10.8732
754 10.9443
755 10.8983
756 11.0257
757 10.8289
758 10.8882
759 10.9049
760 10.8749
761 10.8985
762 10.9603
763 10.8614
764 10.7206
765 10.5143
766 10.4524
767 10.6506
768 10.7434
769 10.6736
770 10.5607
771 10.5296
772 10.4616
773 10.4651
774 10.4889
775 10.5967
776 10.6369
777 10.6823
778 10.7923
779 10.9118
780 11.0185
781 10.93
782 10.9778
783 11.0994
784 11.0295
785 11.2184
786 11.1918
787 11.2116
788 11.0214
789 11.0067
790 11.1932
791 11.0662
792 10.9645
793 10.9218
794 10.8683
795 10.9412
796 10.8269
797 10.9516
798 10.9731
799 10.8682
800 10.7874
801 10.673
802 10.8185
803 10.8435
804 10.8517
805 10.825
806 10.8295
807 10.7612
808 10.7431
809 10.6792
810 10.7613
811 10.7961
812 10.5924
813 10.761
814 10.8868
815 11.0795
816 11.1249
817 11.078
818 10.9133
819 10.9932
820 11.0856
821 11.1181
822 11.1646
823 11.1027
824 11.1256
825 10.9635
826 10.8498
827 10.7258
828 10.7654
829 10.8974
830 10.8917
831 10.9457
832 11.007
833 11.2468
834 11.064
835 11.0093
836 10.8745
837 10.7802
838 10.6915
839 10.6486
840 10.6408
841 10.4475
842 10.3967
843 10.3676
844 10.2517
845 10.2649
846 10.2384
847 10.189
848 10.2254
849 10.5014
850 10.7002
851 10.7127
852 10.6508
853 10.6073
854 10.7092
855 10.9228
856 10.9252
857 11.0813
858 11.0553
859 11.1461
860 11.2693
861 11.4094
862 11.262
863 11.4076
864 11.3801
865 11.3785
866 11.4567
867 11.4525
868 11.5694
869 11.5155
870 11.6493
871 11.7279
872 11.8612
873 11.8763
874 11.9082
875 11.7804
876 11.8616
877 11.6042
878 11.6529
879 11.6152
880 11.6486
881 11.6429
882 11.5091
883 11.5
884 11.398
885 11.5475
886 11.4744
887 11.6057
888 11.6895
889 11.5835
890 11.5515
891 11.5244
892 11.6328
893 11.6494
894 11.6405
895 11.6076
896 11.7868
897 11.9088
898 12.1338
899 12.2155
900 12.4187
901 12.5106
902 12.2976
903 12.3545
904 12.3822
905 12.248
906 12.3523
907 12.3753
908 12.5607
909 12.6685
910 12.6565
911 12.6275
912 12.5588
913 12.5727
914 12.6977
915 12.5348
916 12.4666
917 12.3425
918 12.4418
919 12.4831
920 12.4495
921 12.4761
922 12.6075
923 12.4495
924 12.4312
925 12.7773
926 12.9403
927 13.1043
928 13.2222
929 13.3222
930 13.3219
931 13.2472
932 13.4036
933 13.5007
934 13.6213
935 13.6406
936 13.7521
937 13.8642
938 14.1713
939 14.0899
940 14.1471
941 14.1577
942 14.2764
943 14.3626
944 14.3765
945 14.3809
946 14.2905
947 14.4117
948 14.2773
949 14.3994
950 14.3384
951 14.2798
952 14.389
953 14.3431
954 14.6307
955 14.9201
956 15.0611
957 15.0334
958 14.9618
959 14.8139
960 15.0114
961 15.0553
962 14.9367
963 14.983
964 14.9553
965 14.8958
966 14.8938
967 15.1306
968 15.1632
969 15.3248
970 15.393
971 15.3975
972 15.6037
973 15.529
974 15.452
975 15.4466
976 15.6086
977 15.3652
978 15.2997
979 15.2206
980 15.239
981 15.3601
982 15.3077
983 15.2708
984 15.3975
985 15.3123
986 15.3525
987 15.4801
988 15.6438
989 15.7681
990 15.827
991 15.8196
992 15.8588
993 15.9075
994 15.927
995 16.0661
996 16.1056
997 16.2128
998 16.349
999 16.4526
1000 16.341
1001 16.3401
1002 16.1888
1003 16.2573
1004 16.3821
1005 16.3931
1006 16.4656
1007 16.646
1008 16.5501
1009 16.404
1010 16.4929
1011 16.5241
1012 16.6636
1013 16.7192
1014 16.5945
1015 16.5576
1016 16.5606
1017 16.5502
1018 16.466
1019 16.4365
1020 16.4616
1021 16.5177
1022 16.3795
1023 16.2976
1024 16.3555
1025 16.4126
1026 16.3081
1027 16.391
1028 16.6752
1029 16.6695
1030 16.7378
1031 16.825
1032 16.874
1033 16.9543
1034 16.9512
1035 16.8021
1036 16.6642
1037 16.5939
1038 16.5748
1039 16.6095
1040 16.6226
1041 16.6141
1042 16.5792
1043 16.6881
1044 16.7279
1045 16.9673
1046 16.8748
1047 17.0284
1048 16.8089
1049 16.7782
1050 16.79
1051 16.7823
1052 17.0144
1053 17.1627
1054 17.3766
1055 17.4865
1056 17.4001
1057 17.203
1058 17.2995
1059 17.1593
1060 17.0856
1061 17.3386
1062 17.4193
1063 17.4363
1064 17.5242
1065 17.4883
1066 17.501
1067 17.4755
1068 17.4891
1069 17.7758
1070 17.8387
1071 17.9842
1072 18.0789
1073 18.0614
1074 18.0747
1075 18.164
1076 18.1834
1077 18.1199
1078 18.0959
1079 18.2085
1080 18.2609
1081 18.3162
1082 18.4783
1083 18.3943
1084 18.5545
1085 18.4531
1086 18.4652
1087 18.5838
1088 18.631
1089 18.6626
1090 18.9006
1091 19.0864
1092 19.1688
1093 19.0242
1094 19.0937
1095 19.2086
1096 19.151
1097 19.137
1098 19.1871
1099 19.1961
1100 19.2831
1101 19.3591
1102 19.3397
1103 19.2174
1104 19.1521
1105 19.2771
1106 19.2937
1107 19.2774
1108 19.096
1109 19.0302
1110 18.9093
1111 18.9158
1112 18.9044
1113 18.7584
1114 18.6634
1115 18.6663
1116 18.6374
1117 18.6096
1118 18.6015
1119 18.6885
1120 18.6461
1121 18.5303
1122 18.5247
1123 18.3667
1124 18.3833
1125 18.3303
1126 17.9785
1127 17.8386
1128 17.779
1129 17.8585
1130 17.8958
1131 17.8111
1132 17.6836
1133 17.5941
1134 17.6985
1135 17.5799
1136 17.4201
1137 17.3865
1138 17.3268
1139 17.3055
1140 17.1911
1141 17.3034
1142 17.3342
1143 17.2999
1144 17.3021
1145 17.2134
1146 17.2939
1147 17.1126
1148 17.0537
1149 17.157
1150 17.1604
1151 17.2613
1152 17.1911
1153 17.1813
1154 17.0909
1155 17.0654
1156 17.0812
1157 17.172
1158 17.1578
1159 17.1041
1160 17.1656
1161 17.0757
1162 17.0047
1163 16.9804
1164 17.0121
1165 16.9106
1166 16.8391
1167 16.7283
1168 16.7719
1169 16.9874
1170 17.0782
1171 17.3066
1172 17.2852
1173 17.3304
1174 17.4182
1175 17.51
1176 17.4834
1177 17.6721
1178 17.7239
1179 17.6431
1180 17.7061
1181 17.6761
1182 17.6289
1183 17.5476
1184 17.6287
1185 17.4157
1186 17.411
1187 17.3422
1188 17.4261
1189 17.433
1190 17.465
1191 17.5427
1192 17.5851
1193 17.7136
1194 17.5252
1195 17.5546
1196 17.5409
1197 17.4382
1198 17.429
1199 17.4592
1200 17.4177
1201 17.6079
1202 17.627
1203 17.5687
1204 17.4468
1205 17.5322
1206 17.5511
1207 17.5142
1208 17.3672
1209 17.4211
1210 17.266
1211 17.0771
1212 17.0155
1213 17.0583
1214 16.9136
1215 16.905
1216 16.8748
1217 16.9049
1218 16.8874
1219 16.7524
1220 16.6069
1221 16.6262
1222 16.6792
1223 16.6826
1224 16.7352
1225 16.7001
1226 16.8175
1227 16.7467
1228 16.656
1229 16.7077
1230 16.7348
1231 16.7441
1232 16.6838
1233 16.7948
1234 16.7939
1235 16.7447
1236 16.746
1237 16.8734
1238 16.8701
1239 16.9614
1240 16.8521
1241 16.8284
1242 16.7716
1243 16.6775
1244 16.7096
1245 16.8263
1246 16.7308
1247 16.8104
1248 16.8774
1249 16.9747
1250 16.9376
1251 16.9138
1252 16.9792
1253 16.9532
1254 17.1102
1255 17.0735
1256 17.1255
1257 17.1135
1258 17.042
1259 17.2211
1260 17.1777
1261 17.1681
1262 17.4556
1263 17.4088
1264 17.2945
1265 17.3204
1266 17.4286
1267 17.4973
1268 17.5111
1269 17.5617
1270 17.444
1271 17.3504
1272 17.4578
1273 17.3886
1274 17.4582
1275 17.5693
1276 17.5843
1277 17.5788
1278 17.6167
1279 17.6615
1280 17.6583
1281 17.5104
1282 17.5589
1283 17.5571
1284 17.5392
1285 17.5089
1286 17.5373
1287 17.4795
1288 17.6929
1289 17.6379
1290 17.6565
1291 17.4416
1292 17.5233
1293 17.5159
1294 17.5834
1295 17.5692
1296 17.6429
1297 17.7144
1298 17.5602
1299 17.476
1300 17.3453
1301 17.4115
1302 17.4136
1303 17.3836
1304 17.5136
1305 17.6153
1306 17.7805
1307 17.6912
1308 17.7292
1309 17.649
1310 17.6416
1311 17.683
1312 17.5763
1313 17.8047
1314 17.8102
1315 17.8352
1316 17.8082
1317 17.7399
1318 17.8869
1319 17.8388
1320 18.02
1321 18.1341
1322 17.9525
1323 17.9788
1324 17.9004
1325 17.6609
1326 17.609
1327 17.594
1328 17.7814
1329 17.8497
1330 17.6469
1331 17.6837
1332 17.5322
1333 17.4657
1334 17.2755
1335 17.2551
1336 17.1603
1337 17.1241
1338 17.2934
1339 17.2476
1340 17.235
1341 17.4129
1342 17.3201
1343 17.4239
1344 17.1912
1345 17.2593
1346 17.1894
1347 17.1569
1348 17.1924
1349 17.3084
1350 17.3191
1351 17.3477
1352 17.5485
1353 17.6121
1354 17.6336
1355 17.7772
1356 17.6716
1357 17.4751
1358 17.3852
1359 17.4806
1360 17.5788
1361 17.7536
1362 17.7049
1363 17.7069
1364 17.5436
1365 17.5322
1366 17.5902
1367 17.5148
1368 17.5807
1369 17.4383
1370 17.5312
1371 17.5084
1372 17.5624
1373 17.5055
1374 17.4215
1375 17.5188
1376 17.5588
1377 17.6202
1378 17.5627
1379 17.6547
1380 17.4369
1381 17.5722
1382 17.5642
1383 17.4742
1384 17.4786
1385 17.4342
1386 17.5304
1387 17.3986
1388 17.4448
1389 17.5413
1390 17.539
1391 17.4136
1392 17.347
1393 17.334
1394 17.604
1395 17.4945
1396 17.3518
1397 17.6483
1398 17.7041
1399 17.8192
1400 17.7657
1401 17.833
1402 17.766
1403 17.818
1404 17.6907
1405 17.804
1406 17.6472
1407 17.6806
1408 17.6797
1409 17.6203
1410 17.5794
1411 17.4133
1412 17.4851
1413 17.4835
1414 17.4469
1415 17.1878
1416 17.247
1417 17.3409
1418 17.2981
1419 17.3443
1420 17.3093
1421 17.3927
1422 17.4852
1423 17.4507
1424 17.3769
1425 17.3498
1426 17.3544
1427 17.4278
1428 17.4765
1429 17.5308
1430 17.4222
1431 17.2869
1432 17.1478
1433 17.2282
1434 17.0959
1435 16.881
1436 16.8409
1437 16.8077
1438 16.6259
1439 16.3244
1440 16.3804
1441 16.4176
1442 16.2906
1443 16.3142
1444 16.1037
1445 16.1065
1446 16.0459
1447 16.1407
1448 16.1545
1449 16.0056
1450 15.8478
1451 15.6828
1452 15.6781
1453 15.7513
1454 15.8356
1455 15.7431
1456 15.6108
1457 15.7555
1458 15.9276
1459 16.0026
1460 16.1271
1461 16.1358
1462 16.211
1463 16.2296
1464 16.2612
1465 16.1544
1466 15.8214
1467 15.9623
1468 15.9197
1469 15.9602
1470 15.7418
1471 15.6331
1472 15.6035
1473 15.6114
1474 15.6346
1475 15.7085
1476 15.7662
1477 15.8632
1478 15.7815
1479 15.7895
1480 15.8956
1481 15.8273
1482 15.7825
1483 15.7326
1484 15.6507
1485 15.653
1486 15.5882
1487 15.5388
1488 15.5959
1489 15.5787
1490 15.5661
1491 15.6911
1492 15.7547
1493 15.7622
1494 15.8583
1495 15.9501
1496 16.1287
1497 16.0002
1498 16.2106
1499 16.2509
1500 16.2404
1501 16.3757
1502 16.4912
1503 16.5738
1504 16.561
1505 16.6666
1506 16.4917
1507 16.6276
1508 16.6236
1509 16.5476
1510 16.6156
1511 16.6281
1512 16.556
1513 16.5959
1514 16.5591
1515 16.6604
1516 16.7438
1517 16.712
1518 16.7811
1519 16.6054
1520 16.7036
1521 16.7531
1522 16.7021
1523 16.6365
1524 16.6284
1525 16.3591
1526 16.2347
1527 16.2768
1528 16.3586
1529 16.3645
1530 16.3868
1531 16.4022
1532 16.2221
1533 16.0866
1534 16.0313
1535 16.0466
1536 15.975
1537 15.9647
1538 15.9063
1539 15.825
1540 15.7567
1541 15.7152
1542 15.5511
1543 15.4109
1544 15.4287
1545 15.2278
1546 15.1437
1547 15.0784
1548 14.9793
1549 14.9096
1550 14.7868
1551 14.8677
1552 14.777
1553 14.6726
1554 14.518
1555 14.5113
1556 14.6812
1557 14.5282
1558 14.398
1559 14.4778
1560 14.5972
1561 14.7182
1562 14.6444
1563 14.663
1564 14.7559
1565 14.7317
1566 14.8625
1567 14.6051
1568 14.5197
1569 14.5214
1570 14.5277
1571 14.489
1572 14.2298
1573 14.0695
1574 13.906
1575 14.0392
1576 13.9303
1577 13.9183
1578 14.0228
1579 14.0157
1580 13.8975
1581 14.032
1582 13.9635
1583 13.8649
1584 13.6561
1585 13.4942
1586 13.6692
1587 13.6264
1588 13.7215
1589 13.6834
1590 13.783
1591 13.6985
1592 13.5666
1593 13.52
1594 13.5761
1595 13.8153
1596 13.7756
1597 13.7447
1598 13.8744
1599 13.8212
1600 13.7788
1601 13.5829
1602 13.8132
1603 14.1349
1604 14.0884
1605 14.1326
1606 14.0698
1607 14.1167
1608 14.3201
1609 14.3249
1610 14.537
1611 14.6963
1612 14.7814
1613 14.8785
1614 14.9607
1615 15.0466
1616 15.0716
1617 14.9308
1618 15.049
1619 14.9047
1620 14.9502
1621 15.2135
1622 15.3505
1623 15.4886
1624 15.6327
1625 15.7162
1626 15.5754
1627 15.6403
1628 15.5224
1629 15.7344
1630 15.8239
1631 15.7399
1632 15.5306
1633 15.5428
1634 15.5368
1635 15.5432
1636 15.584
1637 15.5611
1638 15.491
1639 15.3095
1640 15.2834
1641 15.2353
1642 15.3998
1643 15.2049
1644 15.2494
1645 15.1986
1646 15.1785
1647 15.2677
1648 15.341
1649 15.3484
1650 15.2391
1651 15.0296
1652 15.0668
1653 15.0261
1654 14.9714
1655 15.0168
1656 15.1847
1657 15.128
1658 15.067
1659 14.9675
1660 14.9016
1661 14.849
1662 14.6804
1663 14.7338
1664 14.7673
1665 14.7178
1666 14.7485
1667 14.9153
1668 14.9285
1669 14.7628
1670 14.6251
1671 14.6057
1672 14.4914
1673 14.7319
1674 14.5773
1675 14.4772
1676 14.4289
1677 14.4217
1678 14.489
1679 14.6052
1680 14.5631
1681 14.5404
1682 14.483
1683 14.4429
1684 14.3184
1685 14.3599
1686 14.4329
1687 14.5853
1688 14.7532
1689 14.9044
1690 14.9319
1691 14.7891
1692 14.9173
1693 14.752
1694 14.8621
1695 14.8809
1696 14.8403
1697 14.9772
1698 14.7779
1699 14.8463
1700 14.9588
1701 14.7177
1702 14.6879
1703 14.6429
1704 14.9259
1705 14.8034
1706 14.7351
1707 14.6947
1708 14.7717
1709 14.8743
1710 15.0123
1711 15.2424
1712 15.2727
1713 15.3596
1714 15.1925
1715 15.0352
1716 15.0981
1717 15.0526
1718 15.0807
1719 14.8631
1720 14.7399
1721 14.6347
1722 14.937
1723 14.9152
1724 14.9029
1725 14.6915
1726 14.7464
1727 14.9288
1728 14.9096
1729 15.0372
1730 15.0162
1731 14.9561
1732 14.9444
1733 14.8843
1734 14.9243
1735 14.9519
1736 14.7645
1737 14.5772
1738 14.5473
1739 14.3321
1740 14.4034
1741 14.3653
1742 14.364
1743 14.3382
1744 14.2781
1745 14.2183
1746 14.1372
1747 14.1691
1748 14.1209
1749 14.1181
1750 14.1257
1751 14.2491
1752 14.125
1753 14.0487
1754 14.1428
1755 14.2368
1756 14.1628
1757 14.0913
1758 13.9143
1759 13.9013
1760 14.0905
1761 13.9475
1762 13.7558
1763 13.9019
1764 13.8448
1765 13.8557
1766 13.967
1767 13.8463
1768 13.835
1769 14.0812
1770 14.1201
1771 14.1798
1772 14.159
1773 14.2302
1774 14.6039
1775 14.4872
1776 14.5381
1777 14.5436
1778 14.8143
1779 14.779
1780 14.7002
1781 14.6377
1782 14.4498
1783 14.3978
1784 14.2351
1785 14.351
1786 14.2711
1787 14.4264
1788 14.5134
1789 14.5261
1790 14.4418
1791 14.5823
1792 14.6148
1793 14.6876
1794 14.5172
1795 14.5269
1796 14.3299
1797 14.2681
1798 14.3322
1799 14.3376
1800 14.4377
1801 14.4716
1802 14.3984
1803 14.5259
1804 14.5466
1805 14.4292
1806 14.3744
1807 14.4806
1808 14.2866
1809 14.1675
1810 14.2869
1811 14.3088
1812 14.0693
1813 14.2882
1814 14.0803
1815 13.9552
1816 13.8336
1817 13.8043
1818 13.8467
1819 13.8966
1820 13.9522
1821 14.0827
1822 14.1679
1823 14.2714
1824 14.3483
1825 14.3636
1826 14.3804
1827 14.5099
1828 14.5223
1829 14.5979
1830 14.7641
1831 14.7811
1832 14.7688
1833 14.8835
1834 14.7988
1835 14.9781
1836 15.0635
1837 14.9764
1838 14.9352
1839 14.9435
1840 14.8775
1841 14.8754
1842 14.8809
1843 14.727
1844 14.6872
1845 14.6309
1846 14.6726
1847 14.5753
1848 14.5959
1849 14.687
1850 14.5619
1851 14.6531
1852 14.651
1853 14.6176
1854 14.7194
1855 14.6525
1856 14.4673
1857 14.2742
1858 14.2925
1859 14.1439
1860 14.0997
1861 14.1011
1862 14.0796
1863 14.0346
1864 14.0877
1865 14.0986
1866 14.1704
1867 14.2266
1868 14.0392
1869 13.9987
1870 14.0502
1871 13.9833
1872 13.7216
1873 13.8086
1874 13.8244
1875 13.6422
1876 13.4986
1877 13.522
1878 13.2197
1879 13.2575
1880 13.2881
1881 13.2218
1882 13.1924
1883 13.3096
1884 13.175
1885 13.2056
1886 13.101
1887 13.0725
1888 13.0455
1889 13.1119
1890 12.9547
1891 13.0906
1892 12.9127
1893 13.0787
1894 13.1989
1895 13.2025
1896 13.2063
1897 13.2751
1898 13.4129
1899 13.4582
1900 13.3879
1901 13.4461
1902 13.6102
1903 13.5704
1904 13.7735
1905 13.7557
1906 13.7158
1907 13.693
1908 13.7689
1909 14.0355
1910 14.1156
1911 14.0784
1912 14.1604
1913 14.0051
1914 13.8505
1915 13.6371
1916 13.5814
1917 13.5921
1918 13.6175
1919 13.7078
1920 13.594
1921 13.8306
1922 13.6579
1923 13.8282
1924 13.7296
1925 13.7244
1926 13.6614
1927 13.791
1928 13.647
1929 13.6054
1930 13.6436
1931 13.5692
1932 13.5235
1933 13.7094
1934 13.6178
1935 13.6847
1936 13.589
1937 13.5811
1938 13.5284
1939 13.4763
1940 13.5021
1941 13.5841
1942 13.4349
1943 13.3162
1944 13.3146
1945 13.3943
1946 13.4551
1947 13.5754
1948 13.414
1949 13.417
1950 13.2466
1951 13.179
1952 13.069
1953 13.0499
1954 13.0149
1955 13.195
1956 13.2653
1957 13.2324
1958 13.1033
1959 12.8825
1960 12.789
1961 12.8203
1962 12.7637
1963 12.7653
1964 12.7404
1965 12.6359
1966 12.5728
1967 12.5378
1968 12.4205
1969 12.4774
1970 12.4751
1971 12.6081
1972 12.5859
1973 12.6119
1974 12.4686
1975 12.2378
1976 12.1322
1977 12.1184
1978 12.1317
1979 12.2121
1980 12.249
1981 12.2232
1982 12.1367
1983 12.3266
1984 12.3058
1985 12.2487
1986 12.1976
1987 12.1577
1988 11.997
1989 12.0102
1990 12.1199
1991 12.193
1992 12.0461
1993 11.9901
1994 12.0364
1995 12.05
1996 11.9697
1997 11.9166
1998 11.939
1999 11.6541
2000 11.5891
2001 11.6993
2002 11.8207
2003 11.7688
2004 11.6391
2005 11.6416
2006 11.5336
2007 11.4904
2008 11.4972
2009 11.4159
2010 11.5016
2011 11.3216
2012 11.2549
2013 11.3196
2014 11.3049
2015 11.1966
2016 10.9816
2017 10.9436
2018 10.9977
2019 10.9159
2020 10.8724
2021 10.8863
2022 10.9627
2023 10.8429
2024 10.7896
2025 10.9789
2026 10.7777
2027 10.7563
2028 10.813
2029 10.9518
2030 11.0114
2031 10.9528
2032 10.9379
2033 11.0743
2034 11.0648
2035 11.03
2036 11.0367
2037 10.935
2038 10.846
2039 10.9113
2040 10.938
2041 10.7073
2042 10.9202
2043 10.7234
2044 10.6748
2045 10.505
2046 10.3178
2047 10.2545
2048 10.1099
2049 9.96396
2050 9.85942
2051 10.0147
2052 10.039
2053 10.1415
2054 10.0674
2055 9.93251
2056 10.0316
2057 9.93831
2058 9.94427
2059 9.89636
2060 10.0867
2061 9.92167
2062 9.88894
2063 9.7651
2064 9.68474
2065 9.76608
2066 9.86339
2067 9.65657
2068 9.73951
2069 9.68672
2070 9.74991
2071 9.68579
2072 9.49395
2073 9.11927
2074 9.0132
2075 8.97694
2076 8.97442
2077 8.86536
2078 9.02502
2079 9.02511
2080 9.0682
2081 8.92354
2082 9.02132
2083 9.00219
2084 8.85296
2085 8.96605
2086 8.95913
2087 9.01859
2088 8.91561
2089 8.93754
2090 8.93298
2091 8.93506
2092 8.97422
2093 9.26277
2094 9.16851
2095 9.40014
2096 9.25366
2097 9.26814
2098 9.29634
2099 9.24892
2100 9.35353
2101 9.41705
2102 9.26065
2103 9.22932
2104 9.25918
2105 9.2562
2106 9.09944
2107 9.06563
2108 9.00701
2109 8.89306
2110 8.94724
2111 9.0474
2112 9.11077
2113 9.24746
2114 9.2906
2115 9.20356
2116 9.25816
2117 9.23215
2118 9.22814
2119 9.41221
2120 9.49762
2121 9.4547
2122 9.75965
2123 9.8402
2124 9.80506
2125 9.78691
2126 9.87532
2127 9.74129
2128 9.83341
2129 9.85355
2130 9.93684
2131 9.97467
2132 9.98567
2133 9.91903
2134 9.94302
2135 9.93692
2136 10.0324
2137 10.1787
2138 10.0027
2139 10.1193
2140 9.9992
2141 10.1088
2142 9.91221
2143 9.97173
2144 10.1102
2145 10.1139
2146 10.2275
2147 10.3579
2148 10.5124
2149 10.5808
2150 10.6392
2151 10.6536
2152 10.7896
2153 10.7435
2154 10.7423
2155 10.623
2156 10.556
2157 10.5851
2158 10.812
2159 10.9364
2160 11.1229
2161 11.2031
2162 11.3156
2163 11.3792
2164 11.4196
2165 11.594
2166 11.6495
2167 11.4392
2168 11.3865
2169 11.4093
2170 11.3671
2171 11.4861
2172 11.5097
2173 11.6151
2174 11.6123
2175 11.5303
2176 11.6118
2177 11.848
2178 12.016
2179 12.1475
2180 12.241
2181 12.2735
2182 12.1694
2183 12.1738
2184 12.0772
2185 12.283
2186 12.1397
2187 12.1581
2188 12.0266
2189 12.1336
2190 12.1327
2191 12.1487
2192 12.3029
2193 12.4029
2194 12.3885
2195 12.5934
2196 12.4643
2197 12.5049
2198 12.785
2199 12.9642
2200 12.8492
2201 12.9437
2202 13.1134
2203 13.1597
2204 13.2944
2205 13.3425
2206 13.325
2207 13.6106
2208 13.8592
2209 13.9123
2210 13.9705
2211 14.0425
2212 14.1041
2213 14.2517
2214 14.32
2215 14.2269
2216 14.3443
2217 14.2244
2218 14.3227
2219 14.214
2220 14.2363
2221 14.1566
2222 14.1754
2223 14.1322
2224 14.1577
2225 14.118
2226 14.1349
2227 14.1816
2228 14.1057
2229 14.1885
2230 14.2479
2231 14.2728
2232 14.2231
2233 14.2526
2234 14.2985
2235 14.3323
2236 14.301
2237 14.3389
2238 14.5276
2239 14.6797
2240 14.4363
2241 14.5104
2242 14.532
2243 14.336
2244 14.3508
2245 14.364
2246 14.2469
2247 14.1433
2248 14.2157
2249 14.2801
2250 14.2571
2251 14.2482
2252 14.359
2253 14.5422
2254 14.6042
2255 14.6202
2256 14.7144
2257 14.7255
2258 14.6229
2259 14.7179
2260 14.798
2261 14.589
2262 14.4616
2263 14.5223
2264 14.4302
2265 14.3606
2266 14.4136
2267 14.3417
2268 14.2495
2269 14.258
2270 14.1916
2271 14.0376
2272 14.089
2273 14.153
2274 14.2365
2275 14.3159
2276 14.5391
2277 14.5545
2278 14.5427
2279 14.5097
2280 14.5132
2281 14.4865
2282 14.4755
2283 14.6172
2284 14.9232
2285 14.895
2286 14.8988
2287 14.8227
2288 14.9633
2289 15.1543
2290 15.0465
2291 15.1227
2292 15.204
2293 15.4309
2294 15.5383
2295 15.851
2296 15.9391
2297 15.9287
2298 16.0222
2299 15.9295
2300 16.0841
2301 16.2462
2302 16.2411
2303 16.3248
2304 16.3933
2305 16.324
2306 16.2479
2307 16.2263
2308 16.0667
2309 15.962
2310 15.9051
2311 15.9555
2312 15.9837
2313 16.0295
2314 16.2582
2315 16.3386
2316 16.3188
2317 16.2227
2318 16.2191
2319 16.1977
2320 16.0832
2321 16.2249
2322 16.2932
2323 16.3124
2324 16.2649
2325 16.2416
2326 16.287
2327 15.9711
2328 15.8443
2329 15.7746
2330 15.8876
2331 15.9742
2332 15.8458
2333 15.7954
2334 15.8575
2335 15.7397
2336 15.7292
2337 15.5666
2338 15.6043
2339 15.7238
2340 15.5783
2341 15.6223
2342 15.3956
2343 15.3061
2344 15.2145
2345 15.0956
2346 15.1799
2347 15.0755
2348 14.7477
2349 14.6967
2350 14.6524
2351 14.3517
2352 14.1728
2353 13.993
2354 14.0843
2355 14.1133
2356 14.1153
2357 13.9298
2358 13.8671
2359 14.1113
2360 14.1708
2361 14.1889
2362 14.4584
2363 14.1921
2364 14.0086
2365 14.0499
2366 13.9131
2367 13.8554
2368 13.873
2369 13.7636
2370 13.7823
2371 13.5615
2372 13.5111
2373 13.3983
2374 13.46
2375 13.3864
2376 13.5516
2377 13.5521
2378 13.4462
2379 13.3684
2380 13.5052
2381 13.3815
2382 13.2813
2383 13.2494
2384 13.3504
2385 13.448
2386 13.414
2387 13.2395
2388 13.2555
2389 13.4311
2390 13.4798
2391 13.4614
2392 13.3929
2393 13.4318
2394 13.4495
2395 13.42
2396 13.5178
2397 13.543
2398 13.3142
2399 13.2591
2400 13.1927
2401 13.1119
2402 13.0915
2403 13.2674
2404 13.2929
2405 13.1882
2406 13.3007
2407 13.2053
2408 13.234
2409 13.2761
2410 13.2966
2411 13.1038
2412 12.8689
2413 12.9763
2414 12.9172
2415 12.899
2416 13.0813
2417 13.1598
2418 13.0642
2419 13.1563
2420 13.2012
2421 13.1662
2422 13.028
2423 13.0809
2424 13.0436
2425 13.0377
2426 12.8691
2427 12.9407
2428 12.9609
2429 12.9548
2430 12.73
2431 12.5917
2432 12.6269
2433 12.5428
2434 12.5379
2435 12.501
2436 12.4122
2437 12.4968
2438 12.6043
2439 12.3831
2440 12.4343
2441 12.1412
2442 12.1682
2443 12.1592
2444 12.2136
2445 12.2737
2446 12.2888
2447 12.2976
2448 12.2309
2449 12.3285
2450 12.196
2451 12.0705
2452 11.9105
2453 11.9581
2454 11.8024
2455 11.8368
2456 11.6765
2457 11.5241
2458 11.4425
2459 11.4607
2460 11.3877
2461 11.4975
2462 11.3917
2463 11.4139
2464 11.3376
2465 11.4028
2466 11.529
2467 11.61
2468 11.4443
2469 11.5075
2470 11.2998
2471 11.3628
2472 11.4518
2473 11.2375
2474 11.3574
2475 11.3525
2476 11.4688
2477 11.4823
2478 11.4726
2479 11.7027
2480 11.9777
2481 11.8847
2482 11.9908
2483 12.0132
2484 12.2066
2485 12.0594
2486 12.2289
2487 12.3775
2488 12.4478
2489 12.5233
2490 12.6939
2491 12.7175
2492 12.601
2493 12.68
2494 12.6923
2495 12.7074
2496 12.627
2497 12.5071
2498 12.2558
2499 12.2158
2500 12.2979
2501 12.3967
2502 12.3211
2503 12.4087
2504 12.4108
2505 12.2815
2506 12.1729
2507 11.9737
2508 12.016
2509 11.8163
2510 11.7374
2511 11.8004
2512 11.8022
2513 11.7536
2514 11.9583
2515 11.925
2516 11.7569
2517 11.5399
2518 11.5955
2519 11.6808
2520 11.8025
2521 11.8956
2522 11.7224
2523 11.6287
2524 11.5716
2525 11.6015
2526 11.6646
2527 11.6259
2528 11.4798
2529 11.4493
2530 11.2533
2531 11.4401
2532 11.3366
2533 11.4765
2534 11.3154
2535 11.0741
2536 11.0799
2537 10.9496
2538 11.0059
2539 10.874
2540 11.1789
2541 11.1145
2542 10.9163
2543 11.0139
2544 10.8831
2545 10.8196
2546 10.9595
2547 10.9589
2548 10.9225
2549 10.9509
2550 10.9897
2551 10.8214
2552 10.6728
2553 10.5713
2554 10.5845
2555 10.5566
2556 10.4755
2557 10.4477
2558 10.5796
2559 10.57
2560 10.6611
2561 10.6295
2562 10.5267
2563 10.4214
2564 10.5557
2565 10.5158
2566 10.5279
2567 10.7266
2568 10.7579
2569 10.7639
2570 10.8809
2571 10.9118
2572 10.9991
2573 11.0557
2574 11.0987
2575 11.1232
2576 10.7887
2577 10.9392
2578 10.9437
2579 11.0445
2580 11.2491
2581 11.2279
2582 11.189
2583 11.3454
2584 11.3471
2585 11.2179
2586 10.9778
2587 10.9068
2588 11.1655
2589 11.2544
2590 11.2573
2591 11.2212
2592 11.263
2593 11.127
2594 11.2024
2595 11.4229
2596 11.373
2597 11.3503
2598 11.289
2599 11.2698
2600 11.3098
2601 11.2471
2602 11.3012
2603 11.3213
2604 11.5257
2605 11.535
2606 11.5616
2607 11.5809
2608 11.5593
2609 11.4964
2610 11.5845
2611 11.9056
2612 11.7656
2613 11.8038
2614 11.805
2615 11.6827
2616 11.7036
2617 11.7967
2618 11.7777
2619 11.8026
2620 11.9417
2621 11.9173
2622 11.923
2623 11.9309
2624 11.8778
2625 11.9474
2626 11.82
2627 11.7936
2628 11.9376
2629 11.9067
2630 11.8633
2631 11.9366
2632 11.6934
2633 11.6217
2634 11.6342
2635 11.7615
2636 11.729
2637 11.7267
2638 11.724
2639 11.8048
2640 11.8311
2641 11.7556
2642 11.8154
2643 11.8607
2644 11.9322
2645 11.9669
2646 12.0036
2647 11.931
2648 12.0153
2649 11.9032
2650 11.9103
2651 11.678
2652 11.506
2653 11.4259
2654 11.3707
2655 11.3221
2656 11.3996
2657 11.3193
2658 11.3637
2659 11.2602
2660 11.3066
2661 11.3625
2662 11.1729
2663 11.0325
2664 10.922
2665 10.9379
2666 10.974
2667 11.0857
2668 11.1899
2669 11.4235
2670 11.3544
2671 11.2583
2672 11.4105
2673 11.5602
2674 11.6129
2675 11.539
2676 11.4633
2677 11.4305
2678 11.6097
2679 11.4195
2680 11.3922
2681 11.3548
2682 11.2393
2683 11.311
2684 11.4579
2685 11.5826
2686 11.752
2687 11.811
2688 12.0063
2689 12.0246
2690 11.9564
2691 11.94
2692 11.9951
2693 12.0376
2694 12.2738
2695 12.3078
2696 12.4297
2697 12.5354
2698 12.5357
2699 12.518
2700 12.7903
2701 12.8679
2702 12.8523
2703 12.96
2704 13.0065
2705 12.8801
2706 12.5801
2707 12.7449
2708 12.7964
2709 12.9136
2710 12.876
2711 12.9681
2712 12.9438
2713 12.8488
2714 12.6779
2715 12.7091
2716 12.8345
2717 12.8586
2718 12.6923
2719 12.4859
2720 12.4509
2721 12.499
2722 12.6777
2723 12.7576
2724 12.9712
2725 12.9783
2726 12.7729
2727 12.7405
2728 12.7758
2729 12.7982
2730 12.823
2731 12.7694
2732 12.7562
2733 12.8204
2734 13.0243
2735 12.98
2736 13.1544
2737 13.4087
2738 13.4697
2739 13.2813
2740 13.2018
2741 13.2244
2742 13.1212
2743 13.0608
2744 13.0725
2745 13.2066
2746 13.2962
2747 13.2515
2748 13.087
2749 13.0923
2750 13.2055
2751 13.1603
2752 13.3381
2753 13.2393
2754 13.2022
2755 13.0938
2756 13.0431
2757 12.9876
2758 13.1093
2759 13.0446
2760 13.0711
2761 13.0155
2762 12.8785
2763 13.0445
2764 13.1455
2765 13.205
2766 13.3426
2767 13.2345
2768 13.299
2769 13.2945
2770 13.1453
2771 13.178
2772 13.3906
2773 13.2683
2774 13.4348
2775 13.562
2776 13.6845
2777 13.5212
2778 13.6843
2779 13.7182
2780 13.809
2781 13.6157
2782 13.5752
2783 13.3602
2784 13.2582
2785 13.2581
2786 13.2398
2787 13.1138
2788 13.0771
2789 13.0473
2790 12.8752
2791 12.9338
2792 13.0239
2793 12.9573
2794 12.8959
2795 12.9239
2796 12.8353
2797 12.8334
2798 12.8013
2799 12.8123
2800 12.9319
2801 13.1277
2802 13.1975
2803 13.2556
2804 13.0306
2805 13.2454
2806 13.3695
2807 13.4515
2808 13.4737
2809 13.5902
2810 13.5759
2811 13.5723
2812 13.5087
2813 13.4712
2814 13.4552
2815 13.3831
2816 13.2905
2817 13.229
2818 13.2171
2819 13.3694
2820 13.4335
2821 13.3662
2822 13.4021
2823 13.3906
2824 13.4796
2825 13.6402
2826 13.4428
2827 13.3263
2828 13.2057
2829 13.1024
2830 12.8953
2831 12.9863
2832 13.0973
2833 12.9497
2834 13.1549
2835 13.0803
2836 13.2097
2837 12.937
2838 13.0742
2839 12.8722
2840 12.9107
2841 12.8417
2842 12.8468
2843 12.8167
2844 12.8674
2845 12.6848
2846 12.7295
2847 12.6354
2848 12.5261
2849 12.5583
2850 12.422
2851 12.4958
2852 12.4752
2853 12.2265
2854 12.2646
2855 12.2865
2856 12.3488
2857 12.4164
2858 12.5213
2859 12.4986
2860 12.4364
2861 12.4835
2862 12.5777
2863 12.6105
2864 12.5127
2865 12.478
2866 12.6015
2867 12.7284
2868 12.6208
2869 12.7704
2870 12.7732
2871 12.5612
2872 12.4764
2873 12.4395
2874 12.5601
2875 12.373
2876 12.2238
2877 12.2016
2878 12.319
2879 12.1156
2880 12.1898
2881 12.2528
2882 12.0826
2883 12.0727
2884 12.1231
2885 12.1667
2886 12.4386
2887 12.3846
2888 12.4775
2889 12.3119
2890 12.3219
2891 12.3048
2892 12.3433
2893 12.2092
2894 12.126
2895 12.0608
2896 11.8934
2897 11.7954
2898 11.6715
2899 11.6174
2900 11.6341
2901 11.5278
2902 11.3987
2903 11.6271
2904 11.7299
2905 11.9037
2906 11.9329
2907 12.0362
2908 11.9613
2909 11.8602
2910 11.9926
2911 11.9136
2912 11.9867
2913 11.7922
2914 11.7168
2915 11.8215
2916 11.5976
2917 11.6642
2918 11.6333
2919 11.624
2920 11.6066
2921 11.612
2922 11.6725
2923 11.7993
2924 11.7626
2925 11.735
2926 11.8562
2927 11.9955
2928 11.8371
2929 11.9472
2930 11.8154
2931 11.8904
2932 11.8569
2933 11.7657
2934 11.7389
2935 11.7902
2936 11.5262
2937 11.26
2938 11.5006
2939 11.4629
2940 11.455
2941 11.4015
2942 11.1791
2943 11.3263
2944 11.2967
2945 11.2554
2946 11.1994
2947 11.1945
2948 11.2999
2949 11.0008
2950 10.925
2951 10.8829
2952 10.888
2953 11.1671
2954 11.1525
2955 11.0926
2956 11.1595
2957 11.1022
2958 11.1998
2959 11.2183
2960 11.1523
2961 11.2793
2962 11.3699
2963 11.3589
2964 11.2948
2965 11.317
2966 11.2102
2967 11.4874
2968 11.6609
2969 11.6785
2970 11.6116
2971 11.5781
2972 11.3796
2973 11.4342
2974 11.391
2975 11.3653
2976 11.3115
2977 11.3802
2978 11.3884
2979 11.3864
2980 11.5034
2981 11.3924
2982 11.5625
2983 11.4253
2984 11.4998
2985 11.5371
2986 11.4532
2987 11.5119
2988 11.5079
2989 11.2934
2990 11.2717
2991 11.3436
2992 11.3812
2993 11.4982
2994 11.4401
2995 11.5189
2996 11.4658
2997 11.3285
2998 11.4827
2999 11.4614
3000 11.6473
3001 11.8416
3002 11.9139
3003 11.8312
3004 12.0272
3005 12.065
3006 12.0424
3007 12.1129
3008 12.1065
3009 12.3018
3010 12.3428
3011 11.9863
3012 11.9102
3013 11.7543
3014 11.617
3015 11.5379
3016 11.7541
3017 11.6003
3018 11.6149
3019 11.4816
3020 11.3656
3021 11.1518
3022 11.2199
3023 11.2612
3024 11.2502
3025 11.2593
3026 11.2217
3027 11.0525
3028 10.9964
3029 11.032
3030 11.1047
3031 11.1314
3032 10.9576
3033 10.864
3034 10.8289
3035 10.6831
3036 10.5067
3037 10.5833
3038 10.467
3039 10.5576
3040 10.5872
3041 10.4684
3042 10.4803
3043 10.4218
3044 10.5183
3045 10.5296
3046 10.5185
3047 10.6314
3048 10.6816
3049 10.6643
3050 10.8254
3051 10.6514
3052 10.6871
3053 10.6472
3054 10.6552
3055 10.8125
3056 10.8772
3057 10.9136
3058 10.9193
3059 11.0277
3060 11.0827
3061 10.9094
3062 10.9021
3063 10.9683
3064 10.971
3065 11.1067
3066 11.0075
3067 10.8965
3068 10.893
3069 10.7027
3070 10.8302
3071 10.6775
3072 10.8161
3073 10.8358
3074 10.7523
3075 10.6222
3076 10.5441
3077 10.7678
3078 10.6273
3079 10.3977
3080 10.4497
3081 10.3935
3082 10.6383
3083 10.6967
3084 10.6223
3085 10.5222
3086 10.4632
3087 10.4632
3088 10.4973
3089 10.4609
3090 10.5179
3091 10.4642
3092 10.5475
3093 10.4372
3094 10.4861
3095 10.5152
3096 10.3833
3097 10.5895
3098 10.6709
3099 10.7425
3100 10.6123
3101 10.7593
3102 10.7876
3103 11.0135
3104 10.8026
3105 10.6192
3106 10.6407
3107 10.6135
3108 10.6644
3109 10.6807
3110 10.7517
3111 10.7373
3112 10.589
3113 10.6212
3114 10.5752
3115 10.4911
3116 10.5459
3117 10.5361
3118 10.5928
3119 10.6102
3120 10.6308
3121 10.7173
3122 10.7614
3123 10.7385
3124 10.8962
3125 10.9761
3126 10.8992
3127 10.9713
3128 10.962
3129 11.1908
3130 11.2153
3131 11.3286
3132 11.4799
3133 11.5416
3134 11.5954
3135 11.4926
3136 11.3174
3137 11.1144
3138 11.2109
3139 11.1613
3140 11.0853
3141 11.0356
3142 11.0004
3143 10.918
3144 10.7578
3145 10.7906
3146 10.7588
3147 10.7506
3148 10.9148
3149 10.953
3150 10.9805
3151 10.9404
3152 11.0465
3153 10.9515
3154 10.9329
3155 10.9666
3156 10.9346
3157 10.8631
3158 10.9804
3159 11.2315
3160 11.1416
3161 11.304
3162 11.3506
3163 11.3571
3164 11.4659
3165 11.3769
3166 11.3964
3167 11.2507
3168 11.3071
3169 11.3922
3170 11.5211
3171 11.6148
3172 11.6178
3173 11.5775
3174 11.5839
3175 11.6722
3176 11.6915
3177 11.8882
3178 11.8695
3179 11.8945
3180 11.9708
3181 12.0471
3182 11.9936
3183 12.1084
3184 12.0237
3185 12.0989
3186 11.9965
3187 12.0097
3188 12.1024
3189 11.9921
3190 12.149
3191 12.0836
3192 11.9926
3193 11.9452
3194 11.9856
3195 12.0523
3196 11.9937
3197 12.1635
3198 12.3497
3199 12.369
3200 12.3951
3201 12.3123
3202 12.5338
3203 12.62
3204 12.8116
3205 12.9307
3206 12.9568
3207 12.9899
3208 13.103
3209 13.3004
3210 13.4048
3211 13.2446
3212 13.3988
3213 13.5478
3214 13.5212
3215 13.7357
3216 13.7213
3217 13.7782
3218 13.5715
3219 13.7935
3220 13.7418
3221 13.5931
3222 13.7869
3223 13.9296
3224 14.0094
3225 14.0536
3226 14.0024
3227 14.1426
3228 14.1434
3229 14.0978
3230 14.0609
3231 14.0033
3232 14.0012
3233 14.014
3234 14.0994
3235 14.1799
3236 14.445
3237 14.5799
3238 14.649
3239 14.7447
3240 14.914
3241 14.9795
3242 15.0848
3243 15.1671
3244 15.0626
3245 15.0155
3246 15.2273
3247 15.176
3248 15.2077
3249 15.2655
3250 15.3552
3251 15.3883
3252 15.3354
3253 15.2255
3254 15.2821
3255 15.3583
3256 15.3807
3257 15.3692
3258 15.4286
3259 15.3868
3260 15.4476
3261 15.6023
3262 15.6811
3263 15.9446
3264 15.8491
3265 15.7542
3266 15.6515
3267 15.5383
3268 15.3808
3269 15.4329
3270 15.4022
3271 15.3795
3272 15.6074
3273 15.5652
3274 15.59
3275 15.7414
3276 15.7075
3277 15.7712
3278 15.7182
3279 15.6289
3280 15.6963
3281 15.6064
3282 15.5723
3283 15.6417
3284 15.7442
3285 15.8171
3286 15.7473
3287 15.6269
3288 15.6973
3289 15.6353
3290 15.642
3291 15.5674
3292 15.6016
3293 15.6902
3294 15.7852
3295 15.7611
3296 15.6836
3297 15.7767
3298 15.8813
3299 15.9654
3300 16.0224
3301 16.0821
3302 16.15
3303 16.1446
3304 16.2515
3305 16.3699
3306 16.4348
3307 16.3571
3308 16.3342
3309 16.4793
3310 16.376
3311 16.3804
3312 16.4764
3313 16.2692
3314 16.2966
3315 16.209
3316 16.222
3317 15.9158
3318 15.9817
3319 16.0233
3320 16.0028
3321 15.9562
3322 15.7846
3323 15.7446
3324 15.7605
3325 15.8465
3326 15.9679
3327 16.0399
3328 15.9019
3329 15.6854
3330 15.6718
3331 15.5893
3332 15.5082
3333 15.5535
3334 15.5769
3335 15.6132
3336 15.3919
3337 15.4749
3338 15.2649
3339 15.4891
3340 15.6087
3341 15.4368
3342 15.5836
3343 15.5811
3344 15.6128
3345 15.5382
3346 15.4922
3347 15.4952
3348 15.5513
3349 15.7085
3350 15.5824
3351 15.8145
3352 15.7831
3353 15.8356
3354 15.7003
3355 15.7409
3356 15.6369
3357 15.5352
3358 15.5276
3359 15.618
3360 15.6587
3361 15.8551
3362 15.8797
3363 15.9273
3364 15.8256
3365 15.7745
3366 15.5285
3367 15.6242
3368 15.627
3369 15.489
3370 15.215
3371 15.0186
3372 15.0614
3373 15.1393
3374 15.2068
3375 15.1717
3376 15.3554
3377 15.3656
3378 15.4779
3379 15.2815
3380 15.4381
3381 15.2104
3382 15.2021
3383 15.0094
3384 14.8666
3385 15.065
3386 15.0802
3387 15.1309
3388 15.1529
3389 15.1331
3390 15.0278
3391 14.9276
3392 15.0652
3393 15.038
3394 15.0917
3395 15.0994
3396 15.2462
3397 15.261
3398 15.2569
3399 15.4808
3400 15.4993
3401 15.6339
3402 15.7144
3403 15.7232
3404 15.8946
3405 15.9777
3406 16.1285
3407 16.0481
3408 15.978
3409 15.7731
3410 15.7442
3411 15.5621
3412 15.6353
3413 15.5641
3414 15.6689
3415 15.788
3416 15.8665
3417 15.8086
3418 15.6966
3419 15.7387
3420 15.7268
3421 15.7075
3422 15.6719
3423 15.7383
3424 15.7029
3425 15.5767
3426 15.6149
3427 15.6265
3428 15.7154
3429 15.6616
3430 15.7351
3431 15.7961
3432 15.7304
3433 15.7156
3434 15.8092
3435 15.8873
3436 15.982
3437 16.0479
3438 15.8326
3439 15.7759
3440 15.7992
3441 15.6619
3442 15.5062
3443 15.5173
3444 15.488
3445 15.1879
3446 15.1368
3447 14.988
3448 15.0988
3449 15.1601
3450 15.1906
3451 15.1813
3452 15.0407
3453 14.9343
3454 14.9199
3455 15.0393
3456 15.1435
3457 15.077
3458 14.8836
3459 14.7969
3460 14.8586
3461 14.8679
3462 14.8705
3463 14.8921
3464 15.0826
3465 15.1589
3466 15.1768
3467 15.1133
3468 15.1083
3469 15.0483
3470 14.8578
3471 14.6973
3472 14.6307
3473 14.5938
3474 14.6409
3475 14.7193
3476 14.8813
3477 14.8697
3478 14.8584
3479 14.7942
3480 14.7758
3481 14.8008
3482 14.6071
3483 14.7362
3484 14.7321
3485 15.0017
3486 14.8411
3487 14.7283
3488 14.6858
3489 14.5865
3490 14.4959
3491 14.4839
3492 14.622
3493 14.575
3494 14.5842
3495 14.5613
3496 14.5038
3497 14.4412
3498 14.3542
3499 14.3298
3500 14.4211
3501 14.5278
3502 14.4115
3503 14.4354
3504 14.4708
3505 14.2628
3506 14.1765
3507 14.1383
3508 14.2555
3509 14.3092
3510 14.3478
3511 14.3644
3512 14.3363
3513 14.2928
3514 14.2353
3515 14.3384
3516 14.2594
3517 14.2473
3518 14.3771
3519 14.5315
3520 14.6849
3521 14.7014
3522 14.6782
3523 14.6606
3524 14.784
3525 14.8135
3526 14.7692
3527 14.8026
3528 14.7489
3529 14.7559
3530 14.8085
3531 14.7564
3532 14.6759
3533 14.7313
3534 14.5808
3535 14.4954
3536 14.1847
3537 14.0175
3538 14.201
3539 13.9463
3540 13.9901
3541 13.9939
3542 13.9516
3543 13.9529
3544 14.023
3545 14.1055
3546 14.1442
3547 13.9026
3548 13.7425
3549 13.7493
3550 13.7621
3551 13.6845
3552 13.7323
3553 13.5812
3554 13.6673
3555 13.6176
3556 13.6902
3557 13.7809
3558 13.7839
3559 13.7182
3560 13.7041
3561 13.6631
3562 13.7893
3563 13.6169
3564 13.4325
3565 13.5076
3566 13.6271
3567 13.8235
3568 13.8471
3569 13.8064
3570 13.8377
3571 13.9404
3572 14.0353
3573 13.9731
3574 14.0031
3575 14.0598
3576 14.1192
3577 13.9224
3578 13.9085
3579 13.976
3580 14.0071
3581 13.9646
3582 14.0909
3583 14.1054
3584 14.1556
3585 14.2231
3586 14.3251
3587 14.4041
3588 14.4356
3589 14.5336
3590 14.4152
3591 14.4595
3592 14.4833
3593 14.3375
3594 14.1646
3595 14.102
3596 14.2563
3597 14.1901
3598 14.197
3599 14.2809
3600 14.2355
3601 14.3085
3602 14.2022
3603 14.1401
3604 14.059
3605 14.1922
3606 14.2938
3607 14.1993
3608 14.3835
3609 14.3692
3610 14.2288
3611 14.1501
3612 14.4047
3613 14.2841
3614 14.2958
3615 14.1544
3616 14.1711
3617 14.2486
3618 14.3557
3619 14.092
3620 14.0478
3621 13.9486
3622 13.9743
3623 13.806
3624 13.6578
3625 13.708
3626 13.8243
3627 13.9123
3628 13.9974
3629 13.997
3630 13.9744
3631 14.0287
3632 13.9819
3633 14.101
3634 14.1205
3635 14.0086
3636 13.9062
3637 14.0542
3638 14.1435
3639 14.3116
3640 14.2873
3641 14.1876
3642 14.0594
3643 14.0091
3644 13.8204
3645 13.9784
3646 14.0308
3647 14.0416
3648 13.8786
3649 14.0033
3650 13.8379
3651 13.9591
3652 13.9981
3653 13.9448
3654 14.116
3655 14.2108
3656 14.1776
3657 14.2025
3658 14.1438
3659 14.3526
3660 14.4507
3661 14.339
3662 14.462
3663 14.5629
3664 14.4878
3665 14.5856
3666 14.6918
3667 14.642
3668 14.6616
3669 14.9184
3670 14.8373
3671 14.7626
3672 14.7521
3673 14.8614
3674 14.52
3675 14.4441
3676 14.3798
3677 14.4534
3678 14.6044
3679 14.5399
3680 14.4334
3681 14.2418
3682 14.0466
3683 14.0695
3684 14.0352
3685 14.2784
3686 14.2133
3687 14.2602
3688 14.3496
3689 14.2511
3690 14.1781
3691 14.1809
3692 14.2864
3693 14.1748
3694 14.1916
3695 14.1247
3696 14.0354
3697 13.8286
3698 13.8116
3699 13.7223
3700 13.5792
3701 13.4841
3702 13.4213
3703 13.2813
3704 13.4906
3705 13.5707
3706 13.6295
3707 13.55
3708 13.6646
3709 13.8051
3710 13.8781
3711 13.5741
3712 13.6411
3713 13.5496
3714 13.6459
3715 13.9008
3716 13.8824
3717 13.7192
3718 13.667
3719 13.6437
3720 13.8725
3721 14.074
3722 14.1548
3723 14.0887
3724 14.1997
3725 14.1426
3726 14.1025
3727 14.2168
3728 14.1079
3729 14.19
3730 14.2839
3731 14.4024
3732 14.5035
3733 14.6574
3734 14.6102
3735 14.8345
3736 14.7902
3737 14.6025
3738 14.4441
3739 14.4269
3740 14.4229
3741 14.5029
3742 14.5786
3743 14.513
3744 14.4017
3745 14.5162
3746 14.3382
3747 14.3421
3748 14.4681
3749 14.4502
3750 14.3485
3751 14.3669
3752 14.3189
3753 14.5046
3754 14.5488
3755 14.5793
3756 14.5844
3757 14.6393
3758 14.6231
3759 14.6433
3760 14.745
3761 14.8341
3762 14.7996
3763 14.6882
3764 14.4739
3765 14.4225
3766 14.4319
3767 14.4055
3768 14.4102
3769 14.3294
3770 14.1911
3771 14.0464
3772 13.9853
3773 13.9552
3774 14.0095
3775 14.0722
3776 14.0541
3777 13.8989
3778 13.6095
3779 13.7279
3780 13.7014
3781 13.6729
3782 13.6148
3783 13.5236
3784 13.4638
3785 13.4077
3786 13.3663
3787 13.3225
3788 13.2848
3789 13.3682
3790 13.3981
3791 13.41
3792 13.2932
3793 13.3611
3794 13.3532
3795 13.2428
3796 13.2616
3797 13.369
3798 13.4517
3799 13.5032
3800 13.4841
3801 13.289
3802 13.283
3803 13.355
3804 13.3632
3805 13.3688
3806 13.3957
3807 13.4515
3808 13.3675
3809 13.472
3810 13.384
3811 13.3712
3812 13.3337
3813 13.1559
3814 13.0235
3815 13.0756
3816 12.9887
3817 13.012
3818 13.1974
3819 13.1593
3820 13.366
3821 13.4378
3822 13.4557
3823 13.4672
3824 13.2541
3825 13.172
3826 13.0152
3827 12.994
3828 12.9451
3829 13.0971
3830 13.2309
3831 13.121
3832 13.1395
3833 13.149
3834 13.3592
3835 13.387
3836 13.5605
3837 13.3026
3838 13.3373
3839 13.4384
3840 13.5592
3841 13.4869
3842 13.4566
3843 13.3666
3844 13.2236
3845 13.1449
3846 13.3064
3847 13.3503
3848 13.23
3849 13.1615
3850 13.1167
3851 13.2387
3852 13.2448
3853 13.1665
3854 13.2546
3855 13.2626
3856 13.3791
3857 13.321
3858 13.2535
3859 13.2828
3860 13.1566
3861 13.2249
3862 13.2848
3863 13.2729
3864 13.372
3865 13.4568
3866 13.324
3867 13.2141
3868 13.1667
3869 13.3447
3870 13.3862
3871 13.2488
3872 13.1738
3873 13.218
3874 13.1292
3875 13.089
3876 13.034
3877 12.9834
3878 12.9794
3879 12.9352
3880 12.9188
3881 12.8646
3882 13.1743
3883 13.1373
3884 13.1199
3885 13.1365
3886 13.2254
3887 13.364
3888 13.416
3889 13.2598
3890 13.2327
3891 13.1373
3892 13.186
3893 12.96
3894 12.8612
3895 12.8859
3896 13.0089
3897 13.1684
3898 13.1179
3899 13.086
3900 12.9655
3901 13.0963
3902 12.9999
3903 13.3054
3904 13.2979
3905 13.2111
3906 13.2818
3907 13.155
3908 13.1754
3909 13.0954
3910 12.9193
3911 12.8728
3912 13.0064
3913 12.8261
3914 12.9275
3915 12.9237
3916 12.9253
3917 12.8339
3918 12.8156
3919 12.9159
3920 13.0395
3921 12.9615
3922 13.1325
3923 13.0055
3924 12.9799
3925 13.1312
3926 12.8137
3927 12.9274
3928 12.9263
3929 13.0454
3930 13.3196
3931 13.3909
3932 13.2461
3933 13.2293
3934 13.3898
3935 13.2949
3936 13.3123
3937 13.4794
3938 13.3366
3939 13.333
3940 13.2614
3941 13.216
3942 13.3232
3943 13.4271
3944 13.3284
3945 13.4095
3946 13.3858
3947 13.3165
3948 13.3796
3949 13.175
3950 13.1301
3951 12.9696
3952 12.8668
3953 12.8072
3954 12.7451
3955 12.7553
3956 12.6282
3957 12.664
3958 12.5357
3959 12.3536
3960 12.4611
3961 12.3228
3962 12.2784
3963 12.0988
3964 12.1696
3965 12.1669
3966 12.1078
3967 12.3482
3968 12.2763
3969 12.3339
3970 12.6005
3971 12.6059
3972 12.5721
3973 12.5962
3974 12.7552
3975 12.9078
3976 12.9237
3977 13.0201
3978 12.8297
3979 12.9701
3980 13.1617
3981 13.1511
3982 12.9704
3983 12.8716
3984 12.8522
3985 12.8489
3986 13.0457
3987 13.0288
3988 13.1878
3989 13.1698
3990 13.208
3991 13.3526
3992 13.3981
3993 13.28
3994 13.1601
3995 13.1846
3996 13.1776
3997 13.2126
3998 13.1858
3999 13.3287
4000 13.2081
4001 13.2259
4002 13.1979
4003 13.1705
4004 13.1719
4005 13.3779
4006 13.2439
4007 13.2831
4008 13.4352
4009 13.3853
4010 13.1596
4011 13.2816
4012 13.2778
4013 13.3251
4014 13.2962
4015 13.14
4016 13.0186
4017 13.1023
4018 13.1909
4019 13.3416
4020 13.519
4021 13.485
4022 13.4376
4023 13.5587
4024 13.5622
4025 13.5492
4026 13.649
4027 13.5755
4028 13.6774
4029 13.7061
4030 13.45
4031 13.3719
4032 13.2456
4033 13.203
4034 13.2447
4035 13.2642
4036 13.2834
4037 13.2481
4038 13.0711
4039 13.0429
4040 13.0517
4041 13.0878
4042 13.2184
4043 13.124
4044 13.0501
4045 12.9784
4046 12.9137
4047 12.8614
4048 12.901
4049 12.9023
4050 12.9318
4051 12.9137
4052 12.8331
4053 12.96
4054 12.8669
4055 12.7462
4056 12.6738
4057 12.7627
4058 12.7374
4059 12.6521
4060 12.6822
4061 12.6873
4062 12.8989
4063 12.8238
4064 12.7614
4065 12.6489
4066 12.5396
4067 12.6516
4068 12.5932
4069 12.5111
4070 12.4544
4071 12.3602
4072 12.3428
4073 12.265
4074 12.3164
4075 12.2922
4076 12.4064
4077 12.395
4078 12.3562
4079 12.4476
4080 12.459
4081 12.4306
4082 12.3771
4083 12.4317
4084 12.5584
4085 12.6971
4086 12.7337
4087 12.8635
4088 12.776
4089 12.6067
4090 12.7461
4091 12.7126
4092 12.6049
4093 12.4937
4094 12.5947
4095 12.4942
4096 12.602
4097 12.7079
4098 12.73
4099 12.7127
4100 12.9203
4101 12.967
4102 12.7118
4103 12.734
4104 12.8656
4105 13.0527
4106 13.107
4107 13.1991
4108 13.2785
4109 13.088
4110 12.8981
4111 12.8009
4112 12.802
4113 12.7617
4114 12.7489
4115 12.8284
4116 12.8349
4117 12.7973
4118 12.763
4119 12.7976
4120 12.6317
4121 12.7434
4122 12.6151
4123 12.6265
4124 12.6391
4125 12.5871
4126 12.5677
4127 12.4123
4128 12.1596
4129 12.1141
4130 12.1684
4131 12.3697
4132 12.4217
4133 12.2863
4134 12.3195
4135 12.3287
4136 12.3648
4137 12.3396
4138 12.5141
4139 12.3592
4140 12.2314
4141 12.221
4142 12.2276
4143 12.2844
4144 12.1845
4145 12.3378
4146 12.1188
4147 12.0693
4148 12.1317
4149 12.0856
4150 11.9556
4151 11.7681
4152 11.6886
4153 11.7805
4154 11.6902
4155 11.711
4156 11.8644
4157 11.7885
4158 11.8252
4159 11.8279
4160 11.8568
4161 11.9389
4162 11.9761
4163 12.1425
4164 12.1414
4165 12.2483
4166 12.5243
4167 12.6281
4168 12.6595
4169 12.6359
4170 12.663
4171 12.6094
4172 12.5856
4173 12.49
4174 12.4768
4175 12.651
4176 12.6106
4177 12.7874
4178 12.9562
4179 12.9807
4180 12.9747
4181 13.0364
4182 13.0086
4183 13.047
4184 13.1264
4185 13.1737
4186 13.2217
4187 12.9593
4188 12.8965
4189 12.9136
4190 12.8124
4191 12.8863
4192 12.653
4193 12.7309
4194 12.7155
4195 12.9137
4196 12.8211
4197 13.0006
4198 13.0486
4199 13.0914
4200 13.0981
4201 13.2266
4202 13.0712
4203 13.0773
4204 13.186
4205 13.2164
4206 13.3446
4207 13.413
4208 13.2301
4209 13.2806
4210 12.9203
4211 12.8851
4212 12.7513
4213 12.7897
4214 12.7558
4215 12.6918
4216 12.5344
4217 12.4379
4218 12.5308
4219 12.562
4220 12.4568
4221 12.2308
4222 12.1036
4223 12.0927
4224 12.1213
4225 12.1607
4226 12.2028
4227 12.1433
4228 12.1588
4229 11.9795
4230 12.1352
4231 12.2671
4232 12.3087
4233 12.1986
4234 12.4366
4235 12.5565
4236 12.5153
4237 12.3686
4238 12.3302
4239 12.2568
4240 12.1397
4241 12.1977
4242 12.1793
4243 12.111
4244 12.0578
4245 11.9457
4246 11.8963
4247 11.6427
4248 11.6202
4249 11.5822
4250 11.6907
4251 11.8046
4252 11.7809
4253 11.7554
4254 11.5904
4255 11.5611
4256 11.6162
4257 11.2725
4258 11.2677
4259 11.2615
4260 11.2235
4261 11.197
4262 10.9336
4263 10.8754
4264 10.991
4265 10.9824
4266 10.9499
4267 11.0911
4268 11.0332
4269 11.0712
4270 11.0145
4271 10.9756
4272 11.0274
4273 11.0282
4274 10.9836
4275 10.9136
4276 10.7706
4277 10.7501
4278 10.7237
4279 10.7797
4280 10.9538
4281 10.9697
4282 11.0076
4283 10.9219
4284 11.1003
4285 11.035
4286 11.084
4287 11.0801
4288 11.0881
4289 11.1202
4290 11.4488
4291 11.4289
4292 11.5786
4293 11.5929
4294 11.6831
4295 11.7295
4296 11.8126
4297 11.8932
4298 11.9023
4299 11.8532
4300 11.9067
4301 11.8622
4302 11.9961
4303 12.159
4304 12.0643
4305 12.3405
4306 12.529
4307 12.6821
4308 12.6942
4309 12.5322
4310 12.5984
4311 12.8597
4312 12.898
4313 12.9388
4314 12.7957
4315 12.6489
4316 12.7795
4317 12.7585
4318 12.6182
4319 12.6217
4320 12.7911
4321 12.5706
4322 12.5436
4323 12.6596
4324 12.5438
4325 12.4687
4326 12.6287
4327 12.4959
4328 12.5901
4329 12.5444
4330 12.3792
4331 12.4251
4332 12.4835
4333 12.635
4334 12.7198
4335 12.5698
4336 12.7152
4337 12.6991
4338 12.6062
4339 12.6131
4340 12.698
4341 12.7457
4342 12.7267
4343 12.7325
4344 12.541
4345 12.6945
4346 12.6447
4347 12.7472
4348 12.9732
4349 13.0088
4350 13.0639
4351 13.1281
4352 13.1264
4353 13.2473
4354 13.2782
4355 13.1144
4356 13.4225
4357 13.4109
4358 13.5058
4359 13.7878
4360 13.84
4361 13.7279
4362 13.6343
4363 13.463
4364 13.4798
4365 13.4642
4366 13.6461
4367 13.6366
4368 13.5513
4369 13.5883
4370 13.5652
4371 13.5332
4372 13.6371
4373 13.6274
4374 13.6803
4375 13.5942
4376 13.5254
4377 13.4383
4378 13.6667
4379 13.6093
4380 13.6332
4381 13.5954
4382 13.6654
4383 13.7009
4384 13.704
4385 13.6704
4386 13.5337
4387 13.7075
4388 13.6152
4389 13.5135
4390 13.5539
4391 13.5118
4392 13.5491
4393 13.5985
4394 13.5311
4395 13.2636
4396 13.337
4397 13.2432
4398 13.2162
4399 13.2271
4400 13.2272
4401 12.9263
4402 12.9467
4403 12.7779
4404 12.926
4405 12.7118
4406 12.6587
4407 12.6709
4408 12.8092
4409 12.5414
4410 12.5195
4411 12.3679
4412 12.0929
4413 11.9633
4414 11.9985
4415 11.8565
4416 11.8523
4417 11.8294
4418 11.74
4419 11.8055
4420 11.7382
4421 11.7031
4422 11.5946
4423 11.5222
4424 11.3158
4425 11.3876
4426 11.4323
4427 11.3678
4428 11.2541
4429 11.2092
4430 11.184
4431 11.2996
4432 11.1775
4433 11.2053
4434 11.2886
4435 11.3049
4436 11.1407
4437 11.1839
4438 10.8742
4439 10.9356
4440 10.9611
4441 10.845
4442 10.5957
4443 10.6719
4444 10.5689
4445 10.8782
4446 10.9123
4447 10.9542
4448 10.962
4449 10.8769
4450 10.9809
4451 11.1
4452 11.0241
4453 11.0738
4454 11.0472
4455 11.0966
4456 11.0608
4457 11.1529
4458 11.1656
4459 11.1427
4460 11.1049
4461 11.1425
4462 11.2069
4463 11.094
4464 10.9668
4465 10.9484
4466 10.7687
4467 10.8212
4468 10.9595
4469 11.1167
4470 11.1509
4471 11.2262
4472 11.2356
4473 11.3313
4474 11.2827
4475 11.4458
4476 11.476
4477 11.4294
4478 11.2339
4479 11.1405
4480 11.2451
4481 11.2246
4482 11.3977
4483 11.2583
4484 11.1391
4485 11.0377
4486 11.1689
4487 11.2158
4488 11.1846
4489 11.2822
4490 11.2743
4491 11.1754
4492 11.1832
4493 10.9997
4494 11.046
4495 11.0233
4496 10.7531
4497 10.8349
4498 10.6544
4499 10.5791
4500 10.5649
4501 10.58
4502 10.5574
4503 10.502
4504 10.3534
4505 10.2097
4506 10.1819
4507 10.202
4508 10.3593
4509 10.4708
4510 10.5044
4511 10.3354
4512 10.1503
4513 10.1569
4514 10.0443
4515 10.3889
4516 10.5511
4517 10.7276
4518 10.5816
4519 10.6883
4520 10.5345
4521 10.4363
4522 10.5347
4523 10.4035
4524 10.503
4525 10.6003
4526 10.6522
4527 10.5549
4528 10.5281
4529 10.6659
4530 10.7403
4531 10.8232
4532 10.7965
4533 10.6595
4534 10.6791
4535 10.7337
4536 10.6866
4537 10.5878
4538 10.5986
4539 10.712
4540 10.6772
4541 10.7822
4542 10.8837
4543 10.9614
4544 11.0082
4545 11.0696
4546 10.9599
4547 10.9263
4548 11.1314
4549 10.8351
4550 10.8015
4551 10.6367
4552 10.7815
4553 10.6718
4554 10.7201
4555 10.7913
4556 10.8779
4557 10.9107
4558 10.9419
4559 10.7738
4560 10.9243
4561 10.8531
4562 10.8935
4563 10.8357
4564 10.7185
4565 10.6613
4566 10.7365
4567 10.7486
4568 10.8852
4569 10.915
4570 10.8945
4571 10.9219
4572 10.9282
4573 10.9341
4574 11.0719
4575 11.0076
4576 11.0003
4577 11.013
4578 11.0947
4579 11.1422
4580 11.0769
4581 11.066
4582 11.0014
4583 11.021
4584 11.1683
4585 11.2078
4586 11.3208
4587 11.3253
4588 11.2927
4589 11.2891
4590 11.2673
4591 11.2063
4592 11.2634
4593 11.4223
4594 11.4525
4595 11.3193
4596 11.2933
4597 11.3678
4598 11.455
4599 11.3471
4600 11.4891
4601 11.3336
4602 11.1511
4603 10.995
4604 11.0003
4605 10.9396
4606 10.8927
4607 10.706
4608 10.8037
4609 10.6894
4610 10.5195
4611 10.4897
4612 10.4378
4613 10.2177
4614 10.3655
4615 10.4221
4616 10.3151
4617 10.1396
4618 10.1101
4619 10.1382
4620 9.9805
4621 9.86976
4622 9.79111
4623 9.74989
4624 9.65406
4625 9.50028
4626 9.5716
4627 9.42582
4628 9.52073
4629 9.51713
4630 9.57987
4631 9.5918
4632 9.53545
4633 9.42346
4634 9.51758
4635 9.53194
4636 9.44111
4637 9.54852
4638 9.27889
4639 9.31303
4640 9.15154
4641 9.11395
4642 9.181
4643 9.27295
4644 9.33859
4645 9.48733
4646 9.44243
4647 9.38468
4648 9.41317
4649 9.44115
4650 9.39646
4651 9.40005
4652 9.42317
4653 9.377
4654 9.55363
4655 9.60694
4656 9.42781
4657 9.54271
4658 9.38891
4659 9.3641
4660 9.49394
4661 9.634
4662 9.52785
4663 9.66278
4664 9.56299
4665 9.64227
4666 9.52943
4667 9.68733
4668 9.77443
4669 9.85781
4670 9.85869
4671 9.98378
4672 9.85917
4673 9.84435
4674 9.86916
4675 9.75553
4676 9.76657
4677 9.84467
4678 9.8235
4679 9.73587
4680 9.52628
4681 9.26653
4682 9.2694
4683 9.2962
4684 9.44985
4685 9.56643
4686 9.50129
4687 9.42374
4688 9.48332
4689 9.36791
4690 9.61683
4691 9.52905
4692 9.522
4693 9.48405
4694 9.66168
4695 9.92753
4696 9.94119
4697 9.86958
4698 9.86879
4699 9.97882
4700 9.92269
4701 9.66787
4702 9.68828
4703 9.72846
4704 9.92957
4705 10.0094
4706 9.89509
4707 10.0071
4708 9.95614
4709 10.0657
4710 10.055
4711 10.0803
4712 10.1908
4713 10.4268
4714 10.4847
4715 10.4003
4716 10.3931
4717 10.435
4718 10.294
4719 10.3149
4720 10.1413
4721 9.9869
4722 10.0701
4723 10.1507
4724 10.1176
4725 10.0428
4726 10.107
4727 10.1285
4728 10.0491
4729 9.64568
4730 9.62768
4731 9.8333
4732 9.74176
4733 9.87251
4734 9.92581
4735 10.0216
4736 10.1182
4737 10.1428
4738 10.2364
4739 10.0022
4740 10.0013
4741 9.99141
4742 10.0416
4743 10.2327
4744 10.3668
4745 10.3924
4746 10.5657
4747 10.7192
4748 10.7598
4749 10.6989
4750 10.5504
4751 10.3816
4752 10.3367
4753 10.3091
4754 10.4892
4755 10.6226
4756 10.6694
4757 10.6796
4758 10.7873
4759 10.7636
4760 10.7942
4761 10.8581
4762 10.6863
4763 10.9805
4764 10.9397
4765 10.9856
4766 10.9849
4767 11.1135
4768 11.0936
4769 11.1833
4770 11.2393
4771 11.1579
4772 11.1408
4773 10.9793
4774 10.8813
4775 10.8681
4776 10.761
4777 10.6599
4778 10.5996
4779 10.4303
4780 10.5034
4781 10.5144
4782 10.3538
4783 10.2909
4784 10.3145
4785 10.628
4786 10.7016
4787 10.5807
4788 10.7105
4789 10.6553
4790 10.6111
4791 10.5556
4792 10.767
4793 10.8491
4794 10.9749
4795 10.8465
4796 10.7013
4797 10.7394
4798 10.7886
4799 10.8033
4800 10.8618
4801 10.8749
4802 10.6168
4803 10.4034
4804 10.3784
4805 10.5356
4806 10.5119
4807 10.7449
4808 10.6697
4809 10.7162
4810 10.6185
4811 10.633
4812 10.7376
4813 10.7699
4814 10.6515
4815 10.7028
4816 10.7678
4817 10.7323
4818 10.8054
4819 10.935
4820 10.9849
4821 10.9581
4822 11.0648
4823 10.8755
4824 11.0343
4825 10.9701
4826 11.0201
4827 11.0307
4828 11.045
4829 11.1526
4830 11.3886
4831 11.2511
4832 11.3079
4833 11.4883
4834 11.4839
4835 11.6238
4836 11.5998
4837 11.5468
4838 11.6238
4839 11.568
4840 11.4694
4841 11.4419
4842 11.4414
4843 11.0659
4844 10.8715
4845 11.0495
4846 11.1604
4847 11.2152
4848 11.1093
4849 11.1952
4850 11.0674
4851 10.9911
4852 10.9242
4853 10.9331
4854 10.7618
4855 10.6746
4856 10.5808
4857 10.2399
4858 10.09
4859 10.0671
4860 9.89053
4861 10.0001
4862 10.2392
4863 10.3304
4864 10.2319
4865 10.083
4866 10.1091
4867 10.2532
4868 10.2038
4869 10.2243
4870 10.1445
4871 10.2258
4872 10.3277
4873 10.3703
4874 10.2489
4875 10.0915
4876 10.2486
4877 10.3171
4878 10.4053
4879 10.5118
4880 10.6734
4881 10.6002
4882 10.4749
4883 10.4796
4884 10.5204
4885 10.6012
4886 10.5823
4887 10.6604
4888 10.6896
4889 10.709
4890 10.489
4891 10.5874
4892 10.2902
4893 10.3418
4894 10.3295
4895 10.2501
4896 10.0334
4897 10.1561
4898 9.99949
4899 10.0726
4900 10.1252
4901 10.0824
4902 10.0997
4903 10.0505
4904 9.87455
4905 9.82302
4906 9.90744
4907 9.83062
4908 9.78722
4909 9.81069
4910 9.56074
4911 9.67779
4912 9.66649
4913 9.65688
4914 9.5405
4915 9.36519
4916 9.59364
4917 9.48401
4918 9.45282
4919 9.54168
4920 9.30695
4921 9.26903
4922 9.31725
4923 9.16359
4924 9.26709
4925 9.33732
4926 9.38758
4927 9.30696
4928 9.32988
4929 9.2613
4930 9.28797
4931 9.33748
4932 9.51291
4933 9.48394
4934 9.50412
4935 9.55597
4936 9.48655
4937 9.43267
4938 9.41495
4939 9.43055
4940 9.45019
4941 9.52981
4942 9.45802
4943 9.35242
4944 9.49255
4945 9.39569
4946 9.34281
4947 9.27882
4948 9.19405
4949 9.21299
4950 9.23513
4951 9.22582
4952 9.1213
4953 9.04957
4954 9.14851
4955 9.16657
4956 9.21191
4957 9.23943
4958 9.24314
4959 9.21869
4960 9.11703
4961 9.13571
4962 9.17227
4963 9.27134
4964 9.36082
4965 9.43957
4966 9.46187
4967 9.5746
4968 9.5674
4969 9.77211
4970 9.67226
4971 9.78466
4972 9.95887
4973 10.0665
4974 10.0687
4975 10.4578
4976 10.2411
4977 10.4238
4978 10.4776
4979 10.4353
4980 10.3662
4981 10.4319
4982 10.4714
4983 10.5546
4984 10.4968
4985 10.4751
4986 10.3957
4987 10.652
4988 10.4676
4989 10.5206
4990 10.2929
4991 10.4795
4992 10.3734
4993 10.2698
4994 10.2516
4995 10.1842
4996 10.3298
4997 10.5027
4998 10.466
4999 10.5092
5000 10.4144
5001 10.2593
5002 10.298
5003 10.2993
5004 10.2613
5005 10.4407
5006 10.4453
5007 10.5312
5008 10.4874
5009 10.4895
5010 10.4333
5011 10.6923
5012 10.5718
5013 10.4724
5014 10.3273
5015 10.3037
5016 10.2617
5017 10.312
5018 10.3646
5019 10.4542
5020 10.1583
5021 10.223
5022 10.1523
5023 10.1106
5024 10.3099
5025 10.5784
5026 10.5846
5027 10.4875
5028 10.6408
5029 10.6976
5030 10.882
5031 10.7439
5032 10.7498
5033 10.7254
5034 10.8812
5035 10.6994
5036 10.8497
5037 10.8411
5038 11.0218
5039 11.1044
5040 11.2216
5041 11.2271
5042 11.1637
5043 11.2817
5044 11.23
5045 11.2266
5046 11.1544
5047 11.3132
5048 11.3431
5049 11.3151
5050 11.335
5051 11.5091
5052 11.6104
5053 11.6329
5054 11.5422
5055 11.5749
5056 11.7481
5057 11.8747
5058 11.9174
5059 11.8755
5060 11.9434
5061 11.9408
5062 12.0246
