0 0
0 0.00316226
1 1.15547
2 1.77275
3 2.2089
4 2.52252
5 2.75868
6 2.93889
7 3.09168
8 3.21779
9 3.35613
10 3.45251
11 3.55109
12 3.64924
13 3.7376
14 3.82823
15 3.876
16 3.95343
17 4.01153
18 4.07655
19 4.1576
20 4.21463
21 4.27873
22 4.33976
23 4.39907
24 4.43969
25 4.49268
26 4.54153
27 4.58443
28 4.63219
29 4.68105
30 4.70834
31 4.73184
32 4.76346
33 4.80843
34 4.84507
35 4.90306
36 4.93248
37 4.97297
38 5.00595
39 5.03877
40 5.07922
41 5.11389
42 5.14591
43 5.193
44 5.22538
45 5.27072
46 5.30811
47 5.34695
48 5.38049
49 5.41126
50 5.44536
51 5.4737
52 5.50964
53 5.5325
54 5.55909
55 5.58045
56 5.61053
57 5.61759
58 5.65851
59 5.68412
60 5.71307
61 5.73833
62 5.76841
63 5.8069
64 5.82873
65 5.8411
66 5.884
67 5.9013
68 5.92454
69 5.93731
70 5.95441
71 5.98042
72 6.00205
73 6.01944
74 6.04804
75 6.06939
76 6.09318
77 6.10643
78 6.12139
79 6.13639
80 6.1596
81 6.18388
82 6.21334
83 6.23735
84 6.25629
85 6.28236
86 6.2917
87 6.31697
88 6.33782
89 6.35397
90 6.40104
91 6.42077
92 6.43977
93 6.45904
94 6.48034
95 6.50681
96 6.5295
97 6.58113
98 6.60995
99 6.6303
100 6.64918
101 6.65082
102 6.66782
103 6.68481
104 6.71248
105 6.73585
106 6.76735
107 6.77684
108 6.80123
109 6.79694
110 6.82574
111 6.83985
112 6.85465
113 6.87079
114 6.90904
115 6.91961
116 6.96141
117 6.95873
118 6.97985
119 7.00415
120 7.03907
121 7.0505
122 7.07264
123 7.0822
124 7.08122
125 7.10187
126 7.11267
127 7.13843
128 7.15288
129 7.16799
130 7.18666
131 7.21469
132 7.23621
133 7.2619
134 7.25854
135 7.2709
136 7.28982
137 7.30313
138 7.3073
139 7.327
140 7.35328
141 7.36209
142 7.3713
143 7.37347
144 7.39193
145 7.40127
146 7.40806
147 7.43488
148 7.47653
149 7.4914
150 7.50525
151 7.50709
152 7.53392
153 7.52883
154 7.53762
155 7.55438
156 7.58629
157 7.60317
158 7.59982
159 7.62629
160 7.65495
161 7.6748
162 7.68511
163 7.71796
164 7.72501
165 7.73047
166 7.77589
167 7.79856
168 7.81249
169 7.83
170 7.8439
171 7.84796
172 7.86886
173 7.8903
174 7.91774
175 7.92897
176 7.93525
177 7.96153
178 7.9837
179 7.99065
180 8.01952
181 8.01431
182 8.03232
183 8.04238
184 8.05737
185 8.08735
186 8.10432
187 8.11295
188 8.12394
189 8.15963
190 8.17179
191 8.1908
192 8.20105
193 8.21334
194 8.22522
195 8.23727
196 8.23899
197 8.25876
198 8.27209
199 8.27841
200 8.29398
201 8.31281
202 8.33252
203 8.33186
204 8.34647
205 8.35435
206 8.3652
207 8.37384
208 8.40009
209 8.40877
210 8.41888
211 8.41608
212 8.43442
213 8.44766
214 8.45658
215 8.48152
216 8.49474
217 8.4976
218 8.50799
219 8.51089
220 8.53479
221 8.54189
222 8.54829
223 8.55882
224 8.56009
225 8.56685
226 8.57168
227 8.57838
228 8.58872
229 8.60141
230 8.60636
231 8.62414
232 8.62628
233 8.65017
234 8.64969
235 8.64191
236 8.64429
237 8.65785
238 8.67306
239 8.67714
240 8.68674
241 8.69315
242 8.69366
243 8.71783
244 8.72792
245 8.73878
246 8.75187
247 8.75426
248 8.76745
249 8.76481
250 8.78027
251 8.78541
252 8.79126
253 8.8029
254 8.79912
255 8.80188
256 8.81347
257 8.82648
258 8.83988
259 8.85318
260 8.86534
261 8.85926
262 8.86798
263 8.87541
264 8.87765
265 8.89287
266 8.89911
267 8.90572
268 8.91943
269 8.93277
270 8.96639
271 8.97979
272 8.9919
273 8.99181
274 8.99548
275 9.00278
276 9.02087
277 9.03244
278 9.0451
279 9.05433
280 9.07111
281 9.06326
282 9.0806
283 9.10704
284 9.1197
285 9.14667
286 9.15618
287 9.16162
288 9.16043
289 9.1705
290 9.16961
291 9.17357
292 9.1844
293 9.20615
294 9.20511
295 9.23137
296 9.23598
297 9.26143
298 9.25705
299 9.26578
300 9.27179
301 9.3028
302 9.31915
303 9.34044
304 9.3653
305 9.36407
306 9.38039
307 9.40441
308 9.42547
309 9.41886
310 9.42595
311 9.44985
312 9.47178
313 9.48499
314 9.48276
315 9.49338
316 9.50776
317 9.52412
318 9.52747
319 9.55132
320 9.56773
321 9.58111
322 9.60026
323 9.60515
324 9.61446
325 9.61924
326 9.62475
327 9.64018
328 9.65146
329 9.64338
330 9.65366
331 9.66962
332 9.66153
333 9.66548
334 9.66777
335 9.67479
336 9.69327
337 9.70871
338 9.73125
339 9.74533
340 9.73033
341 9.72913
342 9.7243
343 9.73365
344 9.73775
345 9.73796
346 9.76203
347 9.78451
348 9.78258
349 9.80116
350 9.81269
351 9.82126
352 9.83482
353 9.85538
354 9.86755
355 9.87173
356 9.88274
357 9.89728
358 9.90298
359 9.91062
360 9.92128
361 9.93467
362 9.9613
363 9.97093
364 9.9971
365 9.99975
366 10.0038
367 10.0237
368 10.0466
369 10.0672
370 10.0789
371 10.0862
372 10.0955
373 10.1283
374 10.1286
375 10.1445
376 10.1479
377 10.1527
378 10.1606
379 10.1646
380 10.1838
381 10.1887
382 10.2164
383 10.2356
384 10.2296
385 10.2447
386 10.2582
387 10.2591
388 10.2665
389 10.2713
390 10.2536
391 10.265
392 10.2618
393 10.27
394 10.2848
395 10.2912
396 10.3048
397 10.3289
398 10.3316
399 10.3391
400 10.349
401 10.3626
402 10.3742
403 10.3778
404 10.4018
405 10.4018
406 10.4127
407 10.4242
408 10.4406
409 10.4444
410 10.4533
411 10.4679
412 10.488
413 10.5007
414 10.5101
415 10.5262
416 10.5147
417 10.5348
418 10.5445
419 10.5574
420 10.5605
421 10.5659
422 10.5917
423 10.6028
424 10.6174
425 10.6208
426 10.6306
427 10.6357
428 10.6439
429 10.6474
430 10.6464
431 10.6491
432 10.6634
433 10.674
434 10.677
435 10.6759
436 10.6951
437 10.7022
438 10.7272
439 10.7185
440 10.7371
441 10.7549
442 10.7575
443 10.7679
444 10.782
445 10.7877
446 10.7718
447 10.7777
448 10.7833
449 10.7996
450 10.7935
451 10.7992
452 10.8136
453 10.8321
454 10.8515
455 10.8565
456 10.8751
457 10.8849
458 10.8837
459 10.887
460 10.8801
461 10.886
462 10.8924
463 10.8998
464 10.9032
465 10.9081
466 10.9313
467 10.9444
468 10.9515
469 10.9632
470 10.9484
471 10.9415
472 10.9534
473 10.9415
474 10.9348
475 10.932
476 10.9263
477 10.9501
478 10.9563
479 10.9591
480 10.9636
481 10.9827
482 10.9935
483 11.0164
484 11.0354
485 11.0454
486 11.0437
487 11.0635
488 11.0718
489 11.0667
490 11.0613
491 11.0646
492 11.0871
493 11.0896
494 11.101
495 11.1284
496 11.1431
497 11.1435
498 11.1469
499 11.134
500 11.1317
501 11.138
502 11.1434
503 11.1733
504 11.188
505 11.1897
506 11.2036
507 11.2147
508 11.2143
509 11.2219
510 11.226
511 11.2287
512 11.2557
513 11.2422
514 11.2355
515 11.2162
516 11.2136
517 11.2176
518 11.2402
519 11.2258
520 11.2324
521 11.2447
522 11.2544
523 11.2767
524 11.2664
525 11.2719
526 11.2895
527 11.2935
528 11.3139
529 11.3122
530 11.3328
531 11.3282
532 11.3108
533 11.3379
534 11.3462
535 11.3402
536 11.346
537 11.3471
538 11.3406
539 11.3589
540 11.3831
541 11.3766
542 11.3743
543 11.3783
544 11.3841
545 11.3997
546 11.4054
547 11.4048
548 11.408
549 11.401
550 11.4205
551 11.4376
552 11.4358
553 11.4309
554 11.4403
555 11.4445
556 11.4542
557 11.467
558 11.4914
559 11.4909
560 11.4803
561 11.4746
562 11.4804
563 11.4856
564 11.5072
565 11.5148
566 11.5189
567 11.5171
568 11.518
569 11.519
570 11.4998
571 11.5203
572 11.5234
573 11.5442
574 11.5484
575 11.5587
576 11.5666
577 11.5821
578 11.5789
579 11.5776
580 11.5988
581 11.6018
582 11.6183
583 11.6246
584 11.6437
585 11.6406
586 11.6805
587 11.6857
588 11.7073
589 11.7171
590 11.7171
591 11.7208
592 11.7096
593 11.7053
594 11.7166
595 11.7382
596 11.7524
597 11.771
598 11.7782
599 11.7757
600 11.7829
601 11.7702
602 11.7663
603 11.7715
604 11.7722
605 11.7776
606 11.7862
607 11.7971
608 11.798
609 11.8167
610 11.8313
611 11.8398
612 11.845
613 11.8552
614 11.8658
615 11.871
616 11.871
617 11.8856
618 11.8952
619 11.9064
620 11.9009
621 11.8957
622 11.9035
623 11.9113
624 11.9288
625 11.9449
626 11.9597
627 11.9486
628 11.9621
629 11.9698
630 11.9928
631 11.9967
632 12.0098
633 11.9924
634 12.0216
635 12.0285
636 12.0489
637 12.0505
638 12.0672
639 12.072
640 12.0709
641 12.0726
642 12.0712
643 12.0884
644 12.0842
645 12.0842
646 12.0856
647 12.078
648 12.083
649 12.0876
650 12.0878
651 12.1071
652 12.1124
653 12.1272
654 12.119
655 12.119
656 12.1138
657 12.1198
658 12.123
659 12.1159
660 12.1196
661 12.1157
662 12.1159
663 12.1134
664 12.1161
665 12.1165
666 12.1225
667 12.131
668 12.1254
669 12.1249
670 12.1198
671 12.1187
672 12.1154
673 12.1276
674 12.1403
675 12.1425
676 12.1652
677 12.1818
678 12.1854
679 12.1979
680 12.1899
681 12.1825
682 12.185
683 12.1776
684 12.1773
685 12.1873
686 12.1901
687 12.1973
688 12.1948
689 12.1999
690 12.2029
691 12.2105
692 12.2195
693 12.2149
694 12.2126
695 12.2175
696 12.2016
697 12.2066
698 12.2035
699 12.1952
700 12.2018
701 12.2133
702 12.2098
703 12.235
704 12.2381
705 12.2515
706 12.2491
707 12.2511
708 12.2514
709 12.2434
710 12.2387
711 12.2392
712 12.2523
713 12.2408
714 12.2448
715 12.2546
716 12.2589
717 12.2691
718 12.2719
719 12.2819
720 12.2812
721 12.2921
722 12.2831
723 12.2916
724 12.2847
725 12.2863
726 12.2949
727 12.3015
728 12.3088
729 12.301
730 12.3118
731 12.3323
732 12.334
733 12.3284
734 12.3365
735 12.3432
736 12.3636
737 12.3664
738 12.3826
739 12.3897
740 12.4042
741 12.4214
742 12.4201
743 12.4201
744 12.4373
745 12.4441
746 12.4289
747 12.4357
748 12.4345
749 12.4242
750 12.4149
751 12.4153
752 12.4213
753 12.4262
754 12.4327
755 12.4369
756 12.4475
757 12.4498
758 12.4458
759 12.4556
760 12.455
761 12.4628
762 12.4773
763 12.4857
764 12.4852
765 12.4727
766 12.4873
767 12.4935
768 12.4983
769 12.5076
770 12.4889
771 12.4953
772 12.4942
773 12.495
774 12.4923
775 12.5046
776 12.5092
777 12.4927
778 12.5074
779 12.513
780 12.5303
781 12.5372
782 12.5369
783 12.5389
784 12.5465
785 12.5433
786 12.5385
787 12.5368
788 12.5446
789 12.5423
790 12.5406
791 12.5397
792 12.5425
793 12.5694
794 12.5709
795 12.5794
796 12.5949
797 12.6125
798 12.6119
799 12.6112
800 12.6264
801 12.6383
802 12.6559
803 12.6341
804 12.6387
805 12.634
806 12.6244
807 12.607
808 12.6098
809 12.6245
810 12.63
811 12.644
812 12.6379
813 12.6326
814 12.6265
815 12.6264
816 12.6174
817 12.6245
818 12.6302
819 12.6561
820 12.6566
821 12.6574
822 12.6681
823 12.6698
824 12.6796
825 12.6859
826 12.6996
827 12.6985
828 12.6995
829 12.7025
830 12.697
831 12.7184
832 12.7133
833 12.732
834 12.7333
835 12.7412
836 12.743
837 12.7701
838 12.7664
839 12.7704
840 12.7679
841 12.7742
842 12.79
843 12.8027
844 12.8057
845 12.8207
846 12.8387
847 12.8596
848 12.8594
849 12.8991
850 12.9008
851 12.9115
852 12.9264
853 12.9357
854 12.9504
855 12.9584
856 12.983
857 12.9753
858 12.9886
859 13.0025
860 13.0113
861 13.0228
862 13.0183
863 13.0246
864 13.0373
865 13.0397
866 13.0474
867 13.0612
868 13.0841
869 13.0857
870 13.1052
871 13.1117
872 13.1166
873 13.1137
874 13.1281
875 13.1431
876 13.1605
877 13.1486
878 13.1655
879 13.1711
880 13.1767
881 13.189
882 13.1996
883 13.2056
884 13.2067
885 13.2027
886 13.2194
887 13.224
888 13.2292
889 13.2409
890 13.2523
891 13.2488
892 13.2889
893 13.2969
894 13.3016
895 13.2955
896 13.3019
897 13.3004
898 13.3051
899 13.3242
900 13.3474
901 13.3626
902 13.3543
903 13.351
904 13.3506
905 13.3573
906 13.3714
907 13.3584
908 13.3646
909 13.3506
910 13.366
911 13.3648
912 13.3647
913 13.3764
914 13.3819
915 13.3806
916 13.3874
917 13.4059
918 13.4131
919 13.4253
920 13.4304
921 13.4579
922 13.468
923 13.461
924 13.4624
925 13.484
926 13.4802
927 13.4898
928 13.512
929 13.509
930 13.5182
931 13.5351
932 13.5586
933 13.5805
934 13.5903
935 13.5904
936 13.5993
937 13.5993
938 13.5927
939 13.5849
940 13.5779
941 13.5974
942 13.5991
943 13.616
944 13.6274
945 13.6335
946 13.6455
947 13.6476
948 13.6474
949 13.641
950 13.6401
951 13.6438
952 13.6397
953 13.6376
954 13.6504
955 13.6477
956 13.6433
957 13.6363
958 13.6465
959 13.6502
960 13.6365
961 13.6507
962 13.6344
963 13.636
964 13.6417
965 13.6442
966 13.6391
967 13.6544
968 13.6571
969 13.6541
970 13.6726
971 13.6779
972 13.6861
973 13.6958
974 13.7013
975 13.6976
976 13.694
977 13.7085
978 13.7363
979 13.7487
980 13.7637
981 13.787
982 13.8014
983 13.81
984 13.819
985 13.8252
986 13.8396
987 13.8303
988 13.8545
989 13.8629
990 13.8774
991 13.8742
992 13.8808
993 13.8875
994 13.8874
995 13.8967
996 13.8908
997 13.897
998 13.8913
999 13.9055
